9360 0.026468 0.510778  0.462754
7023 0.335594 0.574238  0.0901677
7717 0.433479 0.201913  0.364608
11270 0.664057 0.039622  0.296321
3320 0.309094 0.172887  0.518019
7303 0.236707 0.531518  0.231775
700 0.430237 0.300417  0.269346
2660 0.337766 0.637636  0.0245981
4832 0.330773 0.338714  0.330512
7286 0.225471 0.353368  0.421161
12472 0.125688 0.307531  0.566781
384 0.520782 0.113632  0.365586
2893 0.14716 0.180871  0.671969
5136 0.391975 0.374564  0.233462
9906 0.387491 0.397046  0.215462
12578 0.222071 0.384505  0.393423
8623 0.147751 0.357181  0.495068
2238 0.101905 0.211501  0.686594
8794 0.196626 0.440293  0.36308
10101 0.107203 0.509231  0.383567
18884 0.362081 0.155937  0.481982
14828 0.45247 0.239756  0.307774
9613 0.109908 0.725087  0.165005
6168 0.401415 0.203065  0.39552
721 0.443801 0.342677  0.213521
2421 0.142864 0.207088  0.650048
5913 0.412974 0.357828  0.229198
15751 0.304285 0.437905  0.25781
15712 0.281445 0.342386  0.376169
1520 0.0757883 0.328708  0.595503
7068 0.378572 0.41387  0.207558
698 0.717461 0.0365787  0.24596
6345 0.0544464 0.592804  0.35275
1693 0.588655 0.392748  0.0185975
102 0.363668 0.333752  0.30258
13490 0.0478848 0.445907  0.506209
11828 0.380297 0.337078  0.282624
5040 0.29165 0.364033  0.344317
7852 0.244786 0.186722  0.568492
5470 0.368947 0.26296  0.368093
9640 0.171973 0.281727  0.5463
17666 0.463941 0.31989  0.21617
1153 0.540793 0.359709  0.0994976
6052 0.0960974 0.721997  0.181906
1517 0.23227 0.377981  0.389749
2153 0.65838 0.261875  0.0797445
1589 0.256942 0.499299  0.243759
17374 0.536161 0.0650065  0.398833
11528 0.340607 0.349331  0.310062
5892 0.107689 0.59572  0.296592
13147 0.167308 0.422096  0.410596
10136 0.427392 0.0730728  0.499535
11397 0.682473 0.199472  0.118055
9217 0.280415 0.410601  0.308983
491 0.212903 0.405597  0.3815
6916 0.462413 0.469466  0.0681214
13782 0.232875 0.447729  0.319396
17181 0.202315 0.296447  0.501238
14125 0.420948 0.366688  0.212364
7146 0.146376 0.808758  0.0448661
12020 0.445562 0.460929  0.093509
6114 0.408066 0.354528  0.237405
10029 0.263755 0.279943  0.456302
9298 0.264782 0.334928  0.400291
12525 0.438629 0.28984  0.271531
13241 0.209372 0.444358  0.34627
2308 0.213156 0.626464  0.160381
12988 0.392959 0.183969  0.423072
544 0.558873 0.0167734  0.424353
15058 0.425338 0.25426  0.320402
293 0.368517 0.0202586  0.611224
19159 0.448824 0.112868  0.438308
3624 0.264756 0.279703  0.45554
11339 0.297808 0.566754  0.135438
686 0.221037 0.539818  0.239145
907 0.121371 0.515358  0.363271
14899 0.394749 0.266354  0.338897
15252 0.285274 0.161508  0.553218
12033 0.450786 0.406579  0.142635
10180 0.391222 0.210104  0.398674
13029 0.445639 0.200204  0.354157
7426 0.336729 0.550696  0.112576
8034 0.349064 0.302804  0.348132
5959 0.476564 0.485194  0.0382427
15717 0.299197 0.352804  0.347999
11976 0.0841493 0.595958  0.319892
8340 0.379866 0.331807  0.288327
5558 0.312894 0.391771  0.295334
9441 0.445247 0.385503  0.16925
12347 0.348288 0.300627  0.351085
12514 0.3002 0.669035  0.0307654
14895 0.165663 0.326765  0.507572
5777 0.167256 0.305851  0.526893
1494 0.627783 0.0717393  0.300477
16674 0.368151 0.210512  0.421337
14950 0.730577 0.0963838  0.173039
367 0.234865 0.319461  0.445674
15774 0.0285236 0.443557  0.527919
2230 0.012965 0.0195323  0.967503
6374 0.236306 0.291989  0.471705
7644 0.383593 0.129059  0.487349
7956 0.317056 0.317887  0.365057
12112 0.436452 0.100165  0.463383
2633 0.183106 0.421828  0.395066
6998 0.225634 0.477298  0.297068
5566 0.291378 0.547761  0.160861
5987 0.551697 0.0240399  0.424263
743 0.163552 0.424695  0.411753
12012 0.351562 0.163285  0.485153
9353 0.631464 0.0798273  0.288708
10211 0.309472 0.647692  0.0428353
15461 0.0726001 0.543996  0.383404
7236 0.106759 0.30289  0.590352
12479 0.311483 0.314568  0.373949
7205 0.459444 0.160616  0.37994
7257 0.386891 0.210383  0.402726
13725 0.0569672 0.572896  0.370137
2899 0.579745 0.12582  0.294434
3382 0.494173 0.300371  0.205457
12752 0.0476076 0.926965  0.0254274
18344 0.236605 0.301057  0.462338
87 0.158464 0.394066  0.44747
14840 0.376528 0.173378  0.450095
829 0.130017 0.162557  0.707426
9207 0.409703 0.200733  0.389565
6407 0.64882 0.0632182  0.287962
15513 0.521532 0.0590227  0.419446
10588 0.355896 0.383029  0.261075
6899 0.843463 0.142858  0.0136792
15402 0.352896 0.174644  0.47246
19438 0.540312 0.448634  0.0110541
16559 0.573441 0.177958  0.248601
13232 0.0722394 0.383385  0.544376
11573 0.497002 0.169484  0.333513
5828 0.346164 0.434814  0.219023
12578 0.256592 0.221735  0.521673
17718 0.451334 0.132144  0.416522
13377 0.291048 0.192251  0.516701
9216 0.306362 0.10216  0.591478
17995 0.389741 0.417419  0.19284
17675 0.197966 0.0738065  0.728227
19374 0.277613 0.374031  0.348356
9521 0.33796 0.309596  0.352444
19109 0.224601 0.0420341  0.733365
14804 0.381876 0.45728  0.160844
7038 0.0861605 0.537872  0.375967
8809 0.326472 0.39851  0.275018
15567 0.0511912 0.575033  0.373776
302 0.223469 0.321186  0.455345
6704 0.491719 0.434422  0.0738585
10218 0.253986 0.636426  0.109588
5942 0.0565137 0.472912  0.470574
11831 0.470085 0.143767  0.386148
9907 0.0521924 0.589256  0.358552
6052 0.355527 0.571725  0.0727488
7361 0.370522 0.362726  0.266752
4657 0.493242 0.383075  0.123683
924 0.632335 0.328581  0.0390848
10031 0.288693 0.385754  0.325553
16501 0.573413 0.283263  0.143324
10218 0.367668 0.435045  0.197287
6394 0.0690046 0.686157  0.244838
5943 0.595575 0.264867  0.139558
14836 0.409792 0.195991  0.394217
6875 0.320578 0.317883  0.361538
9380 0.223586 0.273588  0.502826
842 0.35172 0.343543  0.304737
1231 0.416662 0.366365  0.216974
7850 0.0876353 0.284187  0.628178
6344 0.835364 0.118271  0.0463651
650 0.546001 0.045093  0.408906
12618 0.0137408 0.366235  0.620024
365 0.142122 0.212835  0.645043
7298 0.390783 0.299147  0.31007
6908 0.0732286 0.500985  0.425786
6896 0.309994 0.303024  0.386983
14893 0.640801 0.321011  0.0381888
430 0.206411 0.403785  0.389804
11353 0.185792 0.188629  0.625579
2716 0.783886 0.0122008  0.203913
9273 0.44326 0.17657  0.380171
5629 0.353152 0.184034  0.462814
175 0.473762 0.339199  0.187039
8676 0.516318 0.442057  0.0416255
9760 0.532269 0.150105  0.317626
9710 0.148398 0.396457  0.455145
7511 0.202348 0.373855  0.423797
3345 0.287046 0.349417  0.363538
2989 0.166514 0.662044  0.171443
10069 0.235654 0.274451  0.489895
14790 0.147633 0.431573  0.420795
14390 0.595819 0.184751  0.21943
17439 0.0422894 0.653017  0.304694
7185 0.127622 0.128134  0.744244
16418 0.297915 0.233408  0.468676
9488 0.108254 0.541518  0.350228
14825 0.312332 0.0285898  0.659079
3330 0.270333 0.476252  0.253415
10032 0.386608 0.0383271  0.575065
5470 0.190988 0.241218  0.567794
13052 0.287086 0.36168  0.351234
11374 0.17227 0.371137  0.456593
13008 0.630674 0.167066  0.20226
12605 0.202549 0.705787  0.0916644
15231 0.249361 0.287793  0.462846
6986 0.207138 0.359376  0.433485
237 0.645924 0.0160286  0.338047
16731 0.535491 0.068906  0.395603
10031 0.501864 0.359984  0.138153
14797 0.0853544 0.521383  0.393263
6844 0.242647 0.514384  0.242969
9879 0.00704117 0.342345  0.650614
9196 0.433608 0.378579  0.187813
1041 0.348518 0.489616  0.161866
7210 0.293529 0.0767985  0.629673
3931 0.249851 0.339452  0.410697
15313 0.202144 0.379642  0.418214
13808 0.399679 0.201264  0.399057
7194 0.34752 0.577859  0.0746211
12518 0.407879 0.115882  0.47624
11716 0.144362 0.480344  0.375293
14269 0.367197 0.308097  0.324706
13872 0.399125 0.308209  0.292667
9132 0.605577 0.143313  0.251111
15937 0.225157 0.695288  0.0795549
17372 0.271893 0.283782  0.444325
13646 0.1421 0.432405  0.425495
15889 0.396539 0.31287  0.290591
15577 0.499222 0.222587  0.278191
16482 0.179866 0.450938  0.369196
8015 0.377551 0.110371  0.512078
6714 0.42768 0.190575  0.381745
16360 0.269967 0.52406  0.205973
3897 0.276598 0.340528  0.382875
15739 0.164683 0.557466  0.277851
2204 0.0568396 0.504965  0.438195
924 0.0299412 0.501025  0.469033
3892 0.423725 0.323234  0.253042
1582 0.558796 0.418661  0.0225423
8652 0.137642 0.350414  0.511945
5111 0.359007 0.562537  0.0784564
16812 0.442299 0.237768  0.319933
13109 0.387239 0.280369  0.332392
7115 0.365039 0.301406  0.333555
1759 0.423358 0.2648  0.311841
3409 0.133913 0.590402  0.275685
5835 0.18242 0.23946  0.57812
654 0.298337 0.673231  0.0284327
16444 0.289986 0.507719  0.202295
3313 0.37063 0.310679  0.318691
1537 0.133923 0.623248  0.242829
13389 0.253851 0.076397  0.669752
6501 0.354228 0.112328  0.533444
10728 0.499158 0.133048  0.367794
14983 0.364758 0.255023  0.380219
10134 0.540008 0.207836  0.252156
15132 0.330306 0.548421  0.121273
16628 0.144053 0.468828  0.387119
14855 0.561001 0.402699  0.0363001
10157 0.418269 0.331308  0.250423
363 0.724288 0.0593395  0.216373
7087 0.344404 0.603815  0.0517808
5195 0.191173 0.076896  0.731931
11702 0.685206 0.0124378  0.302356
14871 0.319939 0.46783  0.212231
13985 0.515224 0.240054  0.244722
11976 0.549628 0.11033  0.340042
1718 0.564638 0.0136993  0.421663
7316 0.0886321 0.063354  0.848014
6245 0.478797 0.0429347  0.478268
14788 0.435572 0.237293  0.327134
13990 0.266464 0.504871  0.228665
17841 0.446196 0.301458  0.252347
12240 0.421547 0.338811  0.239642
3592 0.270221 0.506288  0.223491
7357 0.231413 0.248748  0.519839
3103 0.408669 0.113284  0.478048
12374 0.825428 0.109133  0.0654391
6791 0.484764 0.450002  0.0652344
6347 0.635078 0.220739  0.144182
13006 0.320515 0.256478  0.423007
13424 0.295522 0.19916  0.505319
14822 0.0328875 0.584983  0.382129
14835 0.563172 0.196237  0.240591
2484 0.308176 0.499602  0.192222
16612 0.461122 0.267438  0.27144
3914 0.448335 0.450153  0.101512
7420 0.220352 0.383666  0.395982
906 0.512999 0.0392959  0.447705
11278 0.116421 0.707963  0.175616
9709 0.226601 0.093517  0.679882
5070 0.365608 0.46375  0.170642
6955 0.358215 0.0552541  0.586531
1649 0.402039 0.344059  0.253903
537 0.379142 0.0708156  0.550043
381 0.226218 0.73754  0.0362428
5474 0.741142 0.0338631  0.224995
8632 0.461591 0.332725  0.205683
4475 0.21594 0.525713  0.258347
3756 0.47679 0.185841  0.337369
14264 0.290757 0.549911  0.159332
6902 0.683971 0.130211  0.185818
12920 0.499654 0.311629  0.188717
2191 0.201952 0.695774  0.102274
8823 0.219484 0.390686  0.38983
15423 0.27483 0.512514  0.212656
926 0.614365 0.176039  0.209596
370 0.571624 0.219995  0.208382
1634 0.102296 0.858371  0.0393333
9647 0.168467 0.356519  0.475014
6436 0.375772 0.0583679  0.56586
12590 0.264178 0.147379  0.588443
2463 0.430764 0.0704671  0.498769
5377 0.257154 0.645119  0.0977269
4489 0.366357 0.122881  0.510761
5970 0.312167 0.381219  0.306614
15763 0.384878 0.462162  0.15296
5461 0.428106 0.158635  0.413259
16508 0.61118 0.373626  0.015194
7059 0.160422 0.396446  0.443133
5468 0.419176 0.413974  0.16685
15725 0.0399518 0.652219  0.307829
15543 0.377165 0.553003  0.0698321
13465 0.295999 0.574041  0.129961
9152 0.131619 0.183412  0.684969
9203 0.646344 0.343768  0.00988779
6837 0.358605 0.011539  0.629856
2359 0.902993 0.0210548  0.0759518
6839 0.368414 0.298072  0.333514
368 0.501876 0.156148  0.341976
6479 0.0128181 0.321984  0.665198
10119 0.182038 0.279187  0.538775
19227 0.387437 0.232955  0.379608
11643 0.256016 0.180178  0.563806
9336 0.309233 0.280262  0.410504
5137 0.398059 0.177137  0.424804
802 0.418431 0.256702  0.324867
497 0.486476 0.284174  0.229349
9994 0.604732 0.124458  0.27081
7901 0.089274 0.514927  0.395799
8781 0.226114 0.516993  0.256893
13318 0.290079 0.295302  0.414619
13672 0.151368 0.528651  0.319981
6041 0.279205 0.101647  0.619147
2551 0.167293 0.325354  0.507353
843 0.254791 0.304107  0.441102
16529 0.216176 0.483808  0.300016
14924 0.371865 0.577359  0.0507758
2444 0.230833 0.71903  0.0501363
13240 0.496685 0.310191  0.193123
7386 0.623017 0.0442929  0.33269
1721 0.608372 0.190966  0.200662
9955 0.316847 0.653428  0.0297251
9637 0.521768 0.079077  0.399155
675 0.25874 0.242248  0.499011
12589 0.352349 0.201682  0.445969
1763 0.145808 0.281645  0.572547
7276 0.422201 0.148477  0.429322
18209 0.487801 0.106866  0.405333
13587 0.423528 0.317566  0.258907
10002 0.206025 0.0921825  0.701792
2355 0.337688 0.340523  0.321789
2804 0.349286 0.310849  0.339865
5269 0.087137 0.488537  0.424326
5866 0.0602588 0.359957  0.579784
6058 0.718442 0.125207  0.15635
11705 0.141078 0.333217  0.525706
17317 0.499811 0.107403  0.392786
887 0.309301 0.317869  0.37283
12763 0.178807 0.378715  0.442478
10020 0.0279149 0.177515  0.794571
6010 0.057652 0.462811  0.479537
1813 0.4307 0.230365  0.338935
193 0.115609 0.650998  0.233392
15273 0.300713 0.240783  0.458505
15731 0.79823 0.0894528  0.112317
839 0.0576864 0.456405  0.485909
13247 0.417755 0.488495  0.0937494
6286 0.265603 0.386891  0.347506
12222 0.437997 0.500858  0.0611445
19474 0.0900165 0.0773176  0.832666
12017 0.0393866 0.518318  0.442296
9671 0.141863 0.48211  0.376028
13337 0.42223 0.0790635  0.498706
2832 0.358341 0.104759  0.5369
9327 0.368109 0.401905  0.229986
3857 0.369439 0.267139  0.363422
7306 0.43263 0.0231133  0.544257
15644 0.185452 0.547932  0.266617
3377 0.0658371 0.48707  0.447093
10719 0.690544 0.264328  0.045127
2785 0.1554 0.497688  0.346912
7436 0.760474 0.0184923  0.221034
14885 0.316275 0.113888  0.569837
1764 0.731471 0.159991  0.108539
7342 0.0721879 0.696971  0.230841
7989 0.482339 0.0225123  0.495148
12265 0.1365 0.0465534  0.816947
6928 0.0504887 0.521212  0.428299
3876 0.167239 0.443771  0.388989
17601 0.144247 0.350597  0.505157
16607 0.212698 0.554356  0.232946
6224 0.447653 0.520524  0.0318227
9651 0.561237 0.394079  0.044684
9497 0.506492 0.31886  0.174647
7972 0.638837 0.0756505  0.285512
789 0.239857 0.573102  0.187041
6050 0.60712 0.0711791  0.321701
978 0.342817 0.540451  0.116732
6981 0.286893 0.154901  0.558206
7986 0.445066 0.518469  0.0364649
15149 0.385752 0.406888  0.20736
14221 0.143458 0.469828  0.386714
8576 0.035812 0.806873  0.157315
1588 0.193234 0.462463  0.344303
8025 0.100944 0.504198  0.394859
3574 0.565647 0.184033  0.25032
5419 0.514891 0.457953  0.0271554
7181 0.353208 0.0582297  0.588562
6372 0.236092 0.484282  0.279626
4699 0.612965 0.242888  0.144147
1775 0.730066 0.133658  0.136276
12668 0.240238 0.426625  0.333137
1693 0.418428 0.168914  0.412658
5996 0.46378 0.427959  0.108261
11788 0.552385 0.304564  0.143051
9538 0.429187 0.145754  0.425059
12857 0.439466 0.396594  0.16394
8738 0.418243 0.027191  0.554566
9955 0.349251 0.298206  0.352543
6815 0.105725 0.384945  0.50933
8738 0.275651 0.563791  0.160559
18534 0.159883 0.390095  0.450022
1735 0.344526 0.247022  0.408452
4209 0.248164 0.449384  0.302452
16627 0.425173 0.0396927  0.535134
16696 0.480709 0.48036  0.0389306
8607 0.196034 0.373007  0.43096
197 0.368615 0.345415  0.28597
12723 0.528145 0.390826  0.0810284
2364 0.141838 0.377346  0.480816
9195 0.608825 0.271096  0.120079
13167 0.363437 0.403523  0.23304
7726 0.121834 0.127246  0.75092
1453 0.208869 0.490957  0.300174
5718 0.046255 0.495014  0.458731
13309 0.470834 0.409395  0.11977
6935 0.403821 0.510032  0.0861473
7550 0.462674 0.335685  0.201641
16523 0.450347 0.0846264  0.465026
2549 0.261522 0.307789  0.430688
7004 0.296402 0.282406  0.421192
2315 0.463101 0.0793857  0.457513
9850 0.261008 0.427479  0.311513
7063 0.191943 0.543328  0.264729
6989 0.447527 0.102209  0.450263
2622 0.356219 0.0991543  0.544627
15852 0.735793 0.0214164  0.242791
9846 0.492035 0.446499  0.0614654
11372 0.429027 0.291876  0.279097
5747 0.656461 0.106842  0.236696
7015 0.487733 0.500773  0.0114943
9162 0.308064 0.329616  0.36232
365 0.364779 0.252889  0.382332
16322 0.147484 0.389339  0.463176
11705 0.273797 0.401992  0.324211
12167 0.272773 0.260073  0.467154
6819 0.338405 0.168743  0.492852
193 0.106322 0.221741  0.671937
11354 0.0369743 0.24863  0.714396
6054 0.641204 0.12248  0.236316
16497 0.475366 0.207362  0.317272
12519 0.112711 0.435061  0.452228
12774 0.223667 0.297726  0.478607
13296 0.246535 0.475483  0.277983
18234 0.302331 0.391676  0.305992
1755 0.348801 0.204689  0.446511
19333 0.432572 0.132588  0.43484
16533 0.457059 0.106675  0.436266
917 0.31082 0.175561  0.513619
2223 0.231243 0.370344  0.398412
12127 0.109275 0.622597  0.268128
6983 0.0181523 0.440825  0.541023
2551 0.32161 0.390405  0.287985
13864 0.248837 0.297994  0.453168
6833 0.250067 0.3198  0.430133
16530 0.217934 0.434936  0.34713
513 0.199754 0.385226  0.415021
7056 0.223204 0.281502  0.495294
19162 0.688816 0.107874  0.203309
15259 0.458984 0.307937  0.233078
7661 0.080402 0.144876  0.774722
8278 0.046788 0.606285  0.346927
11680 0.565452 0.34102  0.0935278
12834 0.437638 0.126625  0.435737
817 0.267797 0.357451  0.374751
15423 0.303385 0.275559  0.421056
1751 0.606325 0.254327  0.139348
14803 0.385209 0.500979  0.113812
16996 0.400251 0.240467  0.359283
9363 0.563404 0.324212  0.112384
646 0.28442 0.383911  0.331669
5861 0.536657 0.0611186  0.402224
7739 0.0561133 0.387109  0.556778
10144 0.229548 0.351554  0.418897
16511 0.321186 0.433026  0.245788
18991 0.475661 0.304702  0.219637
9798 0.496891 0.290264  0.212845
15132 0.173304 0.370012  0.456684
12602 0.659407 0.060326  0.280267
5244 0.644893 0.158483  0.196624
14835 0.320779 0.27749  0.401731
12644 0.237692 0.608834  0.153474
824 0.231087 0.547827  0.221087
1765 0.553649 0.32219  0.124162
3934 0.4654 0.142639  0.391961
11287 0.0252168 0.719663  0.255121
844 0.379762 0.354135  0.266104
13316 0.0843114 0.531817  0.383871
10046 0.491812 0.273503  0.234685
9974 0.244014 0.354868  0.401118
12569 0.37483 0.403194  0.221976
8283 0.10409 0.666922  0.228988
16602 0.434668 0.398965  0.166367
6152 0.366828 0.286296  0.346876
1944 0.602797 0.298089  0.0991143
14034 0.332193 0.646631  0.0211764
4029 0.162949 0.0657931  0.771258
2631 0.0948662 0.483866  0.421268
8514 0.243029 0.136322  0.620649
5899 0.430519 0.410999  0.158481
9527 0.388643 0.0542801  0.557077
5948 0.220461 0.445361  0.334178
12485 0.157025 0.476544  0.366431
12521 0.374964 0.262628  0.362409
2392 0.130885 0.454623  0.414492
9923 0.321049 0.431507  0.247444
6901 0.257524 0.374186  0.36829
11029 0.512952 0.245345  0.241702
5741 0.458688 0.3313  0.210011
12535 0.584404 0.0214375  0.394159
317 0.464227 0.42669  0.109083
12058 0.387472 0.3571  0.255427
16753 0.0613015 0.661296  0.277403
13303 0.350464 0.136327  0.513209
1452 0.798536 0.189369  0.012095
6007 0.519671 0.397401  0.0829284
7357 0.0222991 0.456769  0.520932
12996 0.326703 0.426953  0.246344
3523 0.245629 0.402442  0.351929
6012 0.372559 0.412927  0.214514
6868 0.125661 0.345336  0.529003
3895 0.247267 0.411463  0.341271
9979 0.107798 0.388598  0.503604
9152 0.485267 0.369654  0.145079
6856 0.0171047 0.652967  0.329928
5976 0.359575 0.349074  0.29135
2202 0.510521 0.351558  0.137922
370 0.254089 0.308492  0.437419
13015 0.138165 0.490209  0.371626
16703 0.275135 0.348803  0.376062
8657 0.375658 0.206218  0.418124
499 0.618774 0.356247  0.0249789
13021 0.110398 0.42646  0.463142
15862 0.0911047 0.540561  0.368335
14832 0.308777 0.276841  0.414382
12294 0.476263 0.0668073  0.456929
2688 0.379088 0.494429  0.126484
6206 0.214655 0.0725149  0.71283
3828 0.227733 0.378555  0.393712
6880 0.270049 0.538959  0.190992
7576 0.2047 0.515294  0.280006
5966 0.212552 0.37276  0.414688
687 0.682583 0.20443  0.112987
2122 0.539614 0.252237  0.208149
16495 0.0819332 0.436835  0.481232
9922 0.17028 0.42436  0.40536
12407 0.31706 0.167217  0.515723
10831 0.246288 0.581487  0.172225
2180 0.463569 0.428968  0.107463
1683 0.239286 0.175513  0.585201
10832 0.287136 0.639386  0.0734781
9201 0.251857 0.399048  0.349095
13227 0.0587797 0.754637  0.186583
11636 0.354632 0.503048  0.14232
15634 0.00649552 0.444491  0.549014
16625 0.319749 0.0235662  0.656685
15121 0.0637161 0.232819  0.703465
707 0.521641 0.149111  0.329248
14895 0.104591 0.518743  0.376666
371 0.698785 0.206014  0.0952007
13308 0.318775 0.345314  0.335911
1694 0.25785 0.186392  0.555758
14914 0.239036 0.361055  0.399908
998 0.0382515 0.420271  0.541478
9667 0.236567 0.407865  0.355567
7324 0.144056 0.312915  0.543029
16568 0.776215 0.0853283  0.138457
6818 0.362634 0.485946  0.15142
7669 0.139494 0.213045  0.647461
3361 0.126686 0.226311  0.647003
11964 0.137861 0.443762  0.418376
4198 0.268847 0.568068  0.163085
15146 0.572968 0.354373  0.072659
2487 0.537295 0.224237  0.238468
515 0.63783 0.346257  0.0159131
3315 0.273679 0.271687  0.454634
13351 0.355191 0.141764  0.503045
17589 0.226472 0.34179  0.431738
469 0.191531 0.361086  0.447383
2365 0.353558 0.485422  0.161019
9157 0.262777 0.710674  0.0265494
16518 0.25848 0.390844  0.350676
11587 0.413149 0.51172  0.0751311
14819 0.128887 0.275363  0.59575
10026 0.389173 0.119181  0.491646
11584 0.128352 0.320544  0.551104
5770 0.0109966 0.199022  0.789982
7769 0.541308 0.293289  0.165403
12541 0.314398 0.0990718  0.58653
533 0.0579152 0.548085  0.394
10139 0.45073 0.0597771  0.489493
11513 0.702594 0.0802552  0.217151
9991 0.214557 0.358921  0.426522
18346 0.386887 0.510837  0.102277
10037 0.368315 0.364401  0.267284
6299 0.451767 0.0838343  0.464399
2805 0.639009 0.128212  0.232779
5894 0.266391 0.603559  0.13005
5288 0.383704 0.200667  0.415629
11669 0.401679 0.274984  0.323337
16461 0.421429 0.451129  0.127443
16615 0.430509 0.405075  0.164416
6006 0.135686 0.463442  0.400871
5764 0.50018 0.278937  0.220883
1943 0.284398 0.564859  0.150743
11385 0.472034 0.156325  0.371641
7649 0.26779 0.521641  0.210569
1459 0.189194 0.436795  0.37401
7285 0.680513 0.143714  0.175773
4668 0.433141 0.556953  0.00990679
9516 0.659123 0.277145  0.0637323
5771 0.506712 0.464921  0.0283676
15020 0.491718 0.234925  0.273357
12512 0.294115 0.295532  0.410353
9168 0.115416 0.480986  0.403598
18383 0.390512 0.222112  0.387377
2591 0.355854 0.351273  0.292873
6305 0.131871 0.549723  0.318405
14924 0.260225 0.106044  0.633731
3572 0.404294 0.311465  0.284241
11843 0.398973 0.31963  0.281397
7204 0.472288 0.317013  0.210699
921 0.40453 0.0115469  0.583923
10248 0.0561977 0.255237  0.688565
15721 0.283494 0.303542  0.412964
2719 0.585216 0.0566523  0.358131
5217 0.300336 0.192178  0.507486
6535 0.337123 0.116426  0.546451
12755 0.288243 0.617636  0.0941203
652 0.265155 0.60601  0.128835
783 0.291185 0.370316  0.3385
2807 0.217875 0.0248491  0.757275
12713 0.0166492 0.704806  0.278545
8220 0.458943 0.495169  0.045888
6108 0.0733337 0.27784  0.648826
7049 0.374407 0.422051  0.203542
14879 0.327542 0.368939  0.303519
11240 0.0376059 0.33566  0.626734
6260 0.0220911 0.864679  0.11323
5901 0.302872 0.655044  0.042084
13221 0.40782 0.385131  0.207049
13467 0.379482 0.217123  0.403395
7559 0.455785 0.380001  0.164214
7550 0.210629 0.344263  0.445108
15145 0.223766 0.207213  0.569021
309 0.677866 0.27844  0.0436941
9626 0.452526 0.257285  0.290189
11464 0.663252 0.0119952  0.324753
14832 0.375314 0.202002  0.422684
16561 0.206308 0.699545  0.094147
8297 0.226906 0.345755  0.427339
9565 0.616386 0.0418611  0.341753
953 0.462851 0.27058  0.266569
12917 0.46337 0.194374  0.342256
11951 0.177316 0.593539  0.229145
6921 0.179571 0.453285  0.367144
3924 0.155761 0.365223  0.479016
6255 0.362917 0.15971  0.477373
5984 0.211702 0.636549  0.151749
1745 0.18284 0.164176  0.652984
6463 0.510531 0.232351  0.257118
803 0.409753 0.155285  0.434962
13728 0.239741 0.31954  0.440719
16587 0.487968 0.240553  0.271479
12046 0.372164 0.18507  0.442765
12903 0.433594 0.213624  0.352782
14734 0.301701 0.417255  0.281044
1611 0.416008 0.389421  0.194571
673 0.223272 0.490138  0.286591
6444 0.464565 0.0715553  0.46388
9155 0.421396 0.298948  0.279656
7211 0.54992 0.335906  0.114174
3373 0.608661 0.0894503  0.301889
16678 0.428039 0.289987  0.281973
18820 0.175987 0.509749  0.314263
15223 0.566416 0.0648186  0.368765
15002 0.649995 0.335953  0.0140517
680 0.271289 0.423455  0.305256
7684 0.0750758 0.39135  0.533574
5751 0.515571 0.326458  0.157971
2094 0.240394 0.371153  0.388453
9436 0.317048 0.233795  0.449157
1720 0.266821 0.340073  0.393105
13705 0.453599 0.43258  0.113821
6395 0.324321 0.30312  0.37256
15627 0.60852 0.167619  0.223861
13366 0.078899 0.440198  0.480903
15297 0.248353 0.363689  0.387958
1615 0.105716 0.44299  0.451294
15701 0.33945 0.419486  0.241064
5874 0.213026 0.666222  0.120752
13671 0.139258 0.284959  0.575783
6941 0.536923 0.308626  0.154451
7348 0.245511 0.651645  0.102844
9856 0.218925 0.497808  0.283267
1620 0.30417 0.223861  0.471969
6458 0.335805 0.279819  0.384376
7640 0.194451 0.184723  0.620826
2663 0.311334 0.402838  0.285828
6116 0.735475 0.107992  0.156534
6027 0.307915 0.338139  0.353947
2328 0.338419 0.255339  0.406242
16767 0.397045 0.193531  0.409423
15832 0.350404 0.292857  0.356738
12144 0.307337 0.666366  0.0262976
12488 0.632344 0.341696  0.0259599
11425 0.419925 0.194314  0.385761
7055 0.421438 0.163054  0.415508
2149 0.217363 0.39988  0.382757
11590 0.485804 0.248956  0.26524
12001 0.366629 0.277301  0.35607
18510 0.415807 0.50534  0.0788526
19472 0.359171 0.243517  0.397312
14886 0.362193 0.245735  0.392072
310 0.393137 0.176946  0.429917
3525 0.463434 0.0736472  0.462919
2289 0.0822738 0.224861  0.692865
10140 0.404176 0.476092  0.119732
532 0.618168 0.0778611  0.303971
6001 0.248999 0.727582  0.0234192
6009 0.0781861 0.862148  0.0596659
16519 0.318653 0.310048  0.371299
3177 0.438352 0.109711  0.451937
10722 0.616781 0.0624924  0.320727
14320 0.396523 0.219949  0.383528
11952 0.37097 0.498003  0.131027
2532 0.277629 0.417958  0.304413
13761 0.258694 0.335995  0.40531
7319 0.176832 0.431117  0.392051
13426 0.347195 0.299137  0.353668
2315 0.447323 0.128684  0.423992
2682 0.495293 0.337907  0.1668
2977 0.478996 0.36832  0.152684
3863 0.75596 0.195775  0.0482649
489 0.362561 0.36611  0.271329
15708 0.541004 0.43867  0.0203255
3372 0.39325 0.458849  0.147901
11790 0.422412 0.0247475  0.552841
7227 0.538302 0.0919971  0.3697
4213 0.788435 0.0502101  0.161355
2657 0.0950364 0.270457  0.634507
18010 0.547059 0.152676  0.300264
10040 0.382168 0.310556  0.307276
2544 0.360898 0.316081  0.323021
3878 0.766723 0.0697814  0.163496
1022 0.0287092 0.431819  0.539471
1576 0.363356 0.362793  0.273852
8287 0.137422 0.336624  0.525954
11705 0.352039 0.296931  0.35103
7752 0.301861 0.528609  0.16953
9935 0.199154 0.692097  0.108749
16525 0.418342 0.246881  0.334777
5237 0.106243 0.512732  0.381025
15006 0.428221 0.298238  0.273542
11827 0.303339 0.0594126  0.637248
7971 0.289371 0.353605  0.357024
9664 0.261445 0.231655  0.5069
9665 0.0512894 0.884582  0.0641285
9964 0.280529 0.536958  0.182513
16744 0.293253 0.0546928  0.652054
668 0.268263 0.618711  0.113026
6504 0.340872 0.415864  0.243265
6014 0.421639 0.273427  0.304934
12514 0.557704 0.0779311  0.364365
6896 0.553139 0.310987  0.135874
8572 0.49888 0.082861  0.418259
12889 0.0545792 0.38822  0.557201
16967 0.596204 0.101934  0.301863
15596 0.381266 0.374356  0.244378
9601 0.430329 0.424185  0.145486
3342 0.44935 0.240982  0.309669
13214 0.420649 0.165453  0.413898
234 0.280449 0.340599  0.378953
6047 0.369874 0.256355  0.373771
13058 0.547899 0.180069  0.272031
6840 0.288162 0.40648  0.305358
10147 0.178174 0.389047  0.432779
10142 0.359315 0.456644  0.184041
2623 0.205609 0.361182  0.433209
12703 0.0804531 0.376499  0.543048
16540 0.218158 0.233018  0.548823
11748 0.542436 0.14702  0.310544
6811 0.387981 0.167528  0.444491
13747 0.236382 0.395007  0.368611
3318 0.348811 0.487961  0.163228
5897 0.353894 0.302725  0.343381
6573 0.398367 0.213065  0.388568
16462 0.660082 0.2697  0.0702185
9522 0.242038 0.638219  0.119743
13315 0.497125 0.242167  0.260708
2303 0.665173 0.0197038  0.315123
16613 0.32243 0.462634  0.214936
18895 0.49378 0.25542  0.2508
13169 0.667973 0.0257436  0.306283
5974 0.224134 0.431586  0.34428
14675 0.257222 0.47625  0.266528
648 0.179961 0.629399  0.19064
5836 0.41804 0.521611  0.0603496
2163 0.222394 0.416233  0.361373
15561 0.334793 0.256287  0.408921
7230 0.0731948 0.39418  0.532625
3323 0.29757 0.299659  0.40277
18282 0.0880199 0.417957  0.494023
6394 0.0770502 0.0880253  0.834925
7654 0.260499 0.553232  0.186269
14895 0.402694 0.120346  0.47696
7092 0.42322 0.298121  0.278659
739 0.0205769 0.456272  0.523151
3923 0.624118 0.252644  0.123238
13365 0.803196 0.0161826  0.180621
3756 0.215089 0.496284  0.288627
3909 0.264308 0.306476  0.429215
1685 0.500302 0.33733  0.162368
11753 0.0324383 0.381815  0.585747
7956 0.263798 0.36075  0.375451
11724 0.453608 0.253039  0.293354
9513 0.335733 0.347734  0.316533
12991 0.38806 0.128756  0.483184
2503 0.254205 0.358578  0.387217
12966 0.27767 0.377601  0.344729
3878 0.144762 0.475598  0.37964
16731 0.646012 0.0349955  0.318993
15155 0.677734 0.303348  0.0189179
8593 0.680969 0.208971  0.11006
639 0.142794 0.507922  0.349284
11378 0.332757 0.269306  0.397937
811 0.568186 0.21499  0.216824
14534 0.86571 0.0861526  0.0481373
1757 0.279755 0.247464  0.472781
3569 0.373438 0.606797  0.019765
6709 0.419582 0.229277  0.35114
7752 0.442449 0.036367  0.521184
4363 0.0417152 0.789373  0.168912
6232 0.329279 0.275745  0.394977
2182 0.456229 0.485813  0.0579579
18720 0.688319 0.289866  0.0218156
6952 0.478864 0.324603  0.196533
7386 0.242945 0.245327  0.511728
7231 0.198535 0.414607  0.386858
7082 0.378425 0.5412  0.0803749
14976 0.644053 0.208322  0.147625
14260 0.33035 0.07186  0.59779
12378 0.332768 0.383697  0.283535
1744 0.817083 0.0441732  0.138743
12374 0.00779034 0.506773  0.485437
1456 0.199207 0.377052  0.423742
6899 0.110274 0.237768  0.651958
9703 0.579533 0.0529839  0.367483
1439 0.368929 0.294118  0.336954
9609 0.154826 0.485386  0.359789
8845 0.261614 0.408545  0.329841
18701 0.335135 0.346505  0.31836
12951 0.608572 0.107733  0.283696
2559 0.471578 0.37139  0.157033
12487 0.179555 0.516542  0.303903
7225 0.478991 0.0652133  0.455796
2993 0.76142 0.0784915  0.160088
2155 0.0836788 0.48498  0.431341
2129 0.330191 0.41356  0.256249
7052 0.513342 0.0603326  0.426325
9932 0.397449 0.489899  0.112652
14902 0.371792 0.382997  0.245211
2895 0.338543 0.517867  0.14359
5790 0.403737 0.242108  0.354155
15652 0.402228 0.328008  0.269764
3532 0.0484714 0.441244  0.510285
12207 0.558501 0.398852  0.0426475
5449 0.236748 0.348966  0.414286
338 0.510016 0.187169  0.302815
7019 0.256698 0.721152  0.0221502
14874 0.23289 0.315908  0.451202
752 0.12171 0.355293  0.522997
1462 0.263227 0.352509  0.384264
7308 0.346149 0.292012  0.361839
14990 0.792656 0.127724  0.0796198
5439 0.370341 0.233851  0.395808
17023 0.519299 0.27547  0.205231
8012 0.327221 0.327225  0.345554
2338 0.654878 0.286359  0.0587637
12807 0.0308398 0.579796  0.389365
7086 0.145298 0.232622  0.62208
6886 0.300449 0.457647  0.241904
11677 0.551619 0.127582  0.320799
7350 0.426235 0.314734  0.259032
5800 0.34104 0.469185  0.189775
15528 0.364027 0.394167  0.241806
15761 0.562549 0.371298  0.0661528
6991 0.242267 0.375917  0.381816
18682 0.516389 0.138779  0.344831
16603 0.1123 0.673188  0.214511
16600 0.241102 0.424827  0.334071
5918 0.12094 0.447604  0.431456
11711 0.254008 0.176891  0.569102
10929 0.352238 0.529646  0.118116
2440 0.217753 0.374342  0.407906
8012 0.457555 0.44613  0.0963143
3894 0.565378 0.0904967  0.344125
9633 0.0439394 0.467934  0.488126
12460 0.0324854 0.340784  0.626731
475 0.455419 0.518921  0.0256598
3872 0.0634399 0.545889  0.390671
5765 0.024137 0.355444  0.620419
1709 0.332345 0.335269  0.332386
16457 0.348121 0.151427  0.500451
12263 0.240909 0.530032  0.22906
11677 0.482809 0.146958  0.370233
15756 0.494157 0.448103  0.0577399
610 0.319704 0.347774  0.332522
19153 0.0734871 0.383707  0.542806
714 0.573613 0.331465  0.0949218
14633 0.513333 0.103775  0.382892
8364 0.379695 0.364946  0.255359
19074 0.202294 0.0377825  0.759924
6040 0.406412 0.0705218  0.523066
16679 0.0972113 0.379322  0.523467
11499 0.463373 0.0153653  0.521262
3327 0.23033 0.287086  0.482584
12445 0.140249 0.325318  0.534432
1005 0.302236 0.197324  0.50044
12604 0.425345 0.548702  0.0259526
13021 0.424486 0.0548313  0.520682
17954 0.180836 0.639433  0.179732
1719 0.341995 0.147797  0.510208
2725 0.3229 0.0726882  0.604411
4869 0.0698183 0.475158  0.455024
7905 0.342947 0.454744  0.202308
15236 0.418618 0.0464121  0.53497
9669 0.576511 0.336454  0.0870356
12839 0.306976 0.356741  0.336282
2707 0.218098 0.13728  0.644622
7544 0.465391 0.230203  0.304406
3080 0.291342 0.629378  0.0792793
13231 0.0635848 0.439459  0.496956
12154 0.667973 0.193344  0.138683
5241 0.549178 0.372473  0.0783493
16593 0.252054 0.286994  0.460952
16586 0.468465 0.196189  0.335346
12053 0.111989 0.474925  0.413086
6904 0.431221 0.25934  0.309438
705 0.174864 0.379604  0.445532
3797 0.476141 0.383782  0.140077
7959 0.0228057 0.764828  0.212366
12179 0.499049 0.44589  0.0550608
12287 0.320319 0.451569  0.228112
11781 0.14714 0.598477  0.254383
8829 0.328481 0.304499  0.36702
2229 0.57691 0.328719  0.0943717
10122 0.38219 0.160359  0.457451
7713 0.106331 0.653065  0.240604
3301 0.427936 0.291709  0.280355
12770 0.237899 0.415357  0.346744
4041 0.481465 0.201723  0.316812
18301 0.246587 0.450245  0.303168
2348 0.418621 0.141802  0.439577
12171 0.206353 0.405778  0.387869
6048 0.441193 0.41878  0.140027
1461 0.358015 0.200997  0.440988
13048 0.136572 0.0152027  0.848225
6301 0.276317 0.347194  0.376489
1518 0.545938 0.444001  0.0100608
15236 0.100367 0.120366  0.779267
16592 0.402262 0.3162  0.281538
11667 0.332865 0.334923  0.332212
9314 0.200879 0.0727803  0.72634
11686 0.211012 0.167905  0.621083
647 0.581107 0.108458  0.310435
5753 0.306899 0.323583  0.369518
15683 0.306159 0.377784  0.316057
12676 0.341448 0.418821  0.239731
11527 0.28712 0.375938  0.336942
7317 0.395981 0.364003  0.240016
17225 0.282023 0.308963  0.409014
9612 0.478695 0.0856475  0.435657
12273 0.658342 0.136238  0.205421
9357 0.0854451 0.442015  0.472539
15674 0.478125 0.185606  0.336269
12627 0.218899 0.423539  0.357562
15746 0.160887 0.372446  0.466667
10113 0.495678 0.0353843  0.468938
9625 0.297018 0.469215  0.233767
15460 0.434223 0.317575  0.248202
9329 0.408848 0.415758  0.175394
7983 0.342975 0.43378  0.223245
14901 0.420596 0.417625  0.161779
7276 0.500436 0.277736  0.221828
2489 0.390451 0.0322292  0.577319
8720 0.68438 0.170196  0.145425
7678 0.446612 0.419647  0.133741
935 0.191953 0.341647  0.4664
18970 0.432141 0.235758  0.332101
2392 0.219153 0.34162  0.439228
11703 0.322881 0.496383  0.180736
2991 0.48361 0.504841  0.0115489
7030 0.67967 0.218048  0.102282
16455 0.06866 0.287682  0.643658
7246 0.139616 0.214554  0.645831
5842 0.498542 0.354142  0.147316
5677 0.528677 0.0291122  0.442211
6945 0.242443 0.398438  0.359119
2469 0.175092 0.719011  0.105896
1582 0.0224716 0.585884  0.391645
5287 0.556602 0.024129  0.419269
939 0.562875 0.365575  0.0715493
5473 0.402409 0.252115  0.345475
11677 0.532068 0.210508  0.257423
12215 0.331416 0.312401  0.356183
14821 0.501158 0.210972  0.28787
13735 0.534807 0.241285  0.223907
7215 0.416635 0.38343  0.199936
1529 0.314393 0.510928  0.17468
11841 0.236566 0.438641  0.324794
12496 0.204065 0.33534  0.460596
6882 0.71307 0.26704  0.0198905
7029 0.434913 0.261706  0.303381
2805 0.105147 0.436971  0.457882
9897 0.406959 0.416357  0.176684
9681 0.0805297 0.410459  0.509011
5888 0.767881 0.0396578  0.192462
6012 0.116787 0.472259  0.410953
9666 0.0895291 0.409434  0.501037
9440 0.110593 0.435728  0.45368
9494 0.231994 0.401599  0.366408
15109 0.284681 0.107544  0.607774
7537 0.196323 0.350418  0.45326
13018 0.346402 0.334107  0.319491
11234 0.50907 0.0138263  0.477103
16325 0.566817 0.0281145  0.405069
12037 0.361309 0.307658  0.331032
15873 0.173811 0.393593  0.432596
13021 0.793352 0.112689  0.0939585
4821 0.0763291 0.637647  0.286024
8233 0.498834 0.417423  0.083743
5430 0.469216 0.498851  0.0319336
13577 0.588016 0.278272  0.133712
7968 0.111706 0.341521  0.546773
964 0.381311 0.421567  0.197122
6441 0.284628 0.575091  0.140281
5138 0.53415 0.236042  0.229809
5467 0.406846 0.147966  0.445188
6165 0.234125 0.128199  0.637676
17490 0.357879 0.291356  0.350765
1680 0.383465 0.224847  0.391688
16508 0.413626 0.316272  0.270102
3907 0.107577 0.716436  0.175988
4176 0.29588 0.166934  0.537186
12919 0.24136 0.558825  0.199815
7048 0.125639 0.213381  0.660979
1727 0.225375 0.428313  0.346311
12855 0.156593 0.248447  0.59496
3450 0.00944557 0.414325  0.57623
4328 0.17766 0.342111  0.480229
9310 0.183616 0.364047  0.452337
9175 0.415027 0.0498377  0.535135
8737 0.146187 0.154916  0.698898
4350 0.219743 0.325153  0.455104
2525 0.32694 0.237667  0.435393
7518 0.30552 0.449403  0.245076
88 0.309279 0.479173  0.211548
11801 0.345536 0.0577401  0.596724
6455 0.414125 0.490986  0.0948898
12503 0.357497 0.557966  0.0845375
352 0.207403 0.510061  0.282535
6851 0.461634 0.0475851  0.490781
13859 0.218015 0.399068  0.382917
1270 0.0747325 0.0340583  0.891209
12793 0.0721224 0.306019  0.621859
4833 0.337355 0.195287  0.467357
15007 0.384726 0.356762  0.258512
12937 0.331422 0.274206  0.394372
12539 0.171014 0.458654  0.370332
12972 0.360709 0.228936  0.410355
2381 0.408652 0.480106  0.111242
1190 0.332181 0.409486  0.258333
2272 0.456515 0.425446  0.118039
7343 0.576224 0.130837  0.292939
12012 0.492401 0.160904  0.346694
8341 0.296923 0.388461  0.314616
11249 0.190635 0.462104  0.347261
10143 0.473017 0.0627259  0.464257
13701 0.264406 0.274145  0.461449
11681 0.373474 0.295393  0.331133
11872 0.0388412 0.548442  0.412717
17236 0.132085 0.286559  0.581356
1772 0.536337 0.135912  0.327751
927 0.282357 0.34022  0.377423
8677 0.383056 0.380056  0.236888
9069 0.359776 0.3955  0.244724
12534 0.182607 0.533821  0.283571
943 0.628799 0.285195  0.0860058
196 0.273795 0.340043  0.386162
14883 0.0694283 0.341437  0.589135
6906 0.192787 0.432718  0.374495
6360 0.318232 0.526754  0.155014
7546 0.400116 0.473377  0.126508
4703 0.157154 0.166712  0.676134
466 0.315562 0.270977  0.413461
4940 0.390552 0.58978  0.0196677
11259 0.0361889 0.395773  0.568038
12234 0.231349 0.616533  0.152119
5897 0.261049 0.329208  0.409743
12031 0.230599 0.454227  0.315174
15761 0.49765 0.423168  0.079182
16494 0.348481 0.442817  0.208702
11588 0.314238 0.321132  0.364629
1787 0.0381276 0.013422  0.94845
6821 0.212445 0.216441  0.571114
670 0.407266 0.252532  0.340202
1700 0.493851 0.363909  0.14224
928 0.363911 0.0886639  0.547425
13302 0.410475 0.188624  0.400901
7424 0.355896 0.525406  0.118698
5893 0.531084 0.20445  0.264466
6374 0.502313 0.0451784  0.452508
6933 0.468033 0.299145  0.232821
219 0.291524 0.516415  0.192061
11274 0.387895 0.372354  0.239751
9667 0.410075 0.566064  0.0238617
6907 0.257689 0.362475  0.379836
11859 0.366391 0.400861  0.232748
2390 0.186301 0.304612  0.509087
14702 0.36956 0.284732  0.345708
17568 0.131197 0.393396  0.475407
1052 0.389849 0.313989  0.296162
8799 0.363236 0.585298  0.0514663
15735 0.493474 0.00618177  0.500344
3346 0.147423 0.398786  0.453791
13005 0.226938 0.210665  0.562398
12452 0.127383 0.582471  0.290145
10163 0.781501 0.198986  0.0195138
12607 0.0150369 0.215289  0.769674
2593 0.381144 0.38102  0.237836
18907 0.384287 0.349518  0.266196
14082 0.433738 0.443048  0.123215
11743 0.00955342 0.516226  0.474221
3880 0.392457 0.549417  0.0581265
10169 0.304137 0.362777  0.333087
7052 0.28978 0.469261  0.240958
12268 0.304385 0.382208  0.313406
11992 0.508962 0.263159  0.22788
11791 0.0360098 0.929261  0.0347289
2924 0.557842 0.139438  0.30272
11855 0.0842755 0.257605  0.65812
907 0.380806 0.201425  0.417769
6380 0.425671 0.353932  0.220397
12177 0.122264 0.759932  0.117804
12502 0.774072 0.1008  0.125127
782 0.463647 0.44792  0.0884329
11903 0.186922 0.515262  0.297816
14403 0.56326 0.329832  0.106909
672 0.2836 0.309118  0.407282
13248 0.152613 0.390767  0.45662
3283 0.0668198 0.533281  0.3999
8700 0.569416 0.374176  0.0564078
14917 0.159864 0.251301  0.588835
2580 0.455657 0.233437  0.310906
340 0.46449 0.361674  0.173836
7564 0.151698 0.19666  0.651641
16471 0.627945 0.136975  0.23508
7223 0.589655 0.102549  0.307796
374 0.646728 0.126697  0.226575
6923 0.457403 0.0695066  0.47309
366 0.0524767 0.599751  0.347772
3874 0.279772 0.211125  0.509103
5802 0.539639 0.069166  0.391195
985 0.223136 0.390242  0.386621
14990 0.380552 0.347373  0.272075
6863 0.540315 0.355274  0.104411
196 0.191739 0.445988  0.362273
7752 0.366485 0.342446  0.291069
