1049 0.271704 0.376612  0.351684
1302 0.249086 0.501071  0.249842
4322 0.355234 0.305537  0.339229
314 0.235765 0.373161  0.391073
3552 0.552208 0.30761  0.140182
244 0.0881411 0.597848  0.314011
314 0.206612 0.180353  0.613036
170 0.46105 0.220667  0.318282
6935 0.353071 0.32378  0.32315
2461 0.257954 0.288679  0.453368
2226 0.638454 0.222049  0.139496
3295 0.674536 0.0305082  0.294955
334 0.204215 0.0846631  0.711121
1644 0.23642 0.428128  0.335452
314 0.162913 0.613916  0.22317
2575 0.273982 0.496357  0.229661
7113 0.179048 0.367495  0.453457
592 0.331312 0.360315  0.308373
156 0.402704 0.483237  0.114059
794 0.615763 0.3474  0.0368369
5481 0.262956 0.0437181  0.693326
5946 0.4031 0.212335  0.384564
170 0.163176 0.494998  0.341825
314 0.5081 0.450661  0.041239
7130 0.227735 0.287016  0.485248
2358 0.428552 0.251242  0.320206
170 0.593045 0.375019  0.0319359
6776 0.341634 0.606563  0.0518022
7792 0.378607 0.355951  0.265442
1409 0.359357 0.14319  0.497453
456 0.601872 0.251632  0.146496
163 0.222327 0.499837  0.277837
584 0.414415 0.184928  0.400658
488 0.0921756 0.13639  0.771435
244 0.302567 0.223519  0.473914
1387 0.485169 0.195943  0.318888
314 0.39435 0.0882727  0.517377
314 0.508776 0.349862  0.141363
455 0.302556 0.392399  0.305045
314 0.142167 0.497357  0.360476
3466 0.0681879 0.304975  0.626837
873 0.149477 0.235353  0.61517
1909 0.140638 0.549382  0.30998
3021 0.516899 0.217567  0.265534
314 0.336804 0.200316  0.46288
5225 0.485365 0.274439  0.240195
85 0.456353 0.372394  0.171253
314 0.486874 0.496051  0.017075
2146 0.184378 0.138823  0.676799
1174 0.678419 0.140218  0.181362
3554 0.142917 0.473955  0.383128
2248 0.454033 0.398683  0.147284
5089 0.124391 0.483396  0.392213
774 0.285316 0.594384  0.1203
138 0.238984 0.629895  0.131121
1563 0.263847 0.393306  0.342848
138 0.258171 0.136255  0.605574
4355 0.502849 0.21684  0.28031
6863 0.701167 0.0420428  0.25679
314 0.0201597 0.636961  0.34288
6920 0.479988 0.127949  0.392063
728 0.438741 0.0138004  0.547458
7208 0.359735 0.380051  0.260214
1380 0.811103 0.132045  0.0568527
171 0.317263 0.477461  0.205276
6492 0.295533 0.405845  0.298622
7324 0.671966 0.266622  0.0614128
314 0.38264 0.467593  0.149767
416 0.375579 0.250139  0.374283
43 0.421775 0.517948  0.0602764
979 0.316966 0.357968  0.325066
1173 0.225117 0.349284  0.425599
314 0.0420444 0.727754  0.230201
4717 0.416625 0.522455  0.0609204
334 0.277675 0.449308  0.273017
4420 0.285328 0.288732  0.42594
488 0.259377 0.408364  0.332259
314 0.438758 0.0585472  0.502694
2568 0.228478 0.476846  0.294676
314 0.313055 0.586168  0.100777
2462 0.488228 0.156462  0.35531
3531 0.321915 0.343066  0.335019
314 0.277426 0.465945  0.256629
169 0.121157 0.415843  0.463
334 0.523062 0.395945  0.0809929
5367 0.472614 0.235773  0.291613
2187 0.397005 0.405733  0.197262
277 0.458561 0.161418  0.380022
3222 0.628941 0.0250207  0.346038
5248 0.40043 0.185871  0.413699
7502 0.338263 0.530037  0.131699
138 0.303122 0.279844  0.417034
244 0.289828 0.316663  0.393509
1537 0.313127 0.166355  0.520518
314 0.135389 0.424395  0.440216
3542 0.166302 0.355589  0.478108
1433 0.525047 0.140198  0.334756
2357 0.373061 0.300965  0.325974
5682 0.215557 0.216763  0.567681
212 0.39542 0.237453  0.367127
1975 0.392569 0.344062  0.263369
3594 0.403799 0.234155  0.362046
6754 0.141629 0.209334  0.649037
2717 0.303178 0.420493  0.276329
7056 0.523241 0.351726  0.125032
1955 0.299128 0.275609  0.425262
6296 0.292382 0.379395  0.328223
3546 0.267776 0.456545  0.275679
314 0.43574 0.202892  0.361368
2664 0.581102 0.200718  0.218179
2945 0.46324 0.459905  0.0768549
6387 0.424965 0.319694  0.255341
43 0.630154 0.306985  0.0628615
314 0.390943 0.326202  0.282855
7348 0.530004 0.137591  0.332405
2571 0.736326 0.0650374  0.198637
3577 0.511683 0.157893  0.330423
7121 0.00950397 0.507798  0.482698
314 0.238424 0.724782  0.0367938
5857 0.369618 0.560584  0.0697972
7679 0.115001 0.35725  0.527749
314 0.47039 0.208915  0.320695
1634 0.294126 0.41985  0.286024
314 0.343466 0.297714  0.35882
6470 0.372732 0.508357  0.118912
3008 0.0571375 0.52359  0.419272
5544 0.379649 0.451522  0.168828
314 0.201158 0.403628  0.395214
6861 0.264639 0.402305  0.333057
3068 0.74832 0.180482  0.0711982
314 0.819787 0.0705654  0.109648
2896 0.202306 0.127222  0.670472
244 0.425746 0.363083  0.21117
4184 0.457332 0.291055  0.251613
51 0.29394 0.563694  0.142366
2414 0.237873 0.239842  0.522285
334 0.626257 0.144184  0.229559
1172 0.415167 0.364343  0.22049
1037 0.062774 0.180222  0.757004
138 0.245876 0.174977  0.579147
2381 0.587731 0.368787  0.0434822
6157 0.267804 0.344013  0.388183
314 0.267142 0.487694  0.245164
314 0.623468 0.353846  0.0226854
1494 0.416899 0.233166  0.349935
169 0.306691 0.251017  0.442292
244 0.0283212 0.515043  0.456636
7138 0.452213 0.279674  0.268113
169 0.257225 0.279529  0.463246
7599 0.430714 0.042503  0.526783
71 0.680125 0.268425  0.0514499
7239 0.452772 0.145544  0.401684
6666 0.0957671 0.504014  0.400219
3185 0.718142 0.0106159  0.271242
138 0.137337 0.424745  0.437918
108 0.426338 0.378705  0.194957
1212 0.487483 0.350572  0.161945
4288 0.56516 0.263632  0.171208
1363 0.0778789 0.672431  0.249691
314 0.623404 0.194494  0.182102
4107 0.647155 0.0621771  0.290668
3463 0.202509 0.34645  0.451041
138 0.124765 0.208417  0.666818
5958 0.344994 0.326274  0.328732
7169 0.330937 0.2572  0.411863
314 0.133675 0.268218  0.598108
644 0.443862 0.251837  0.304302
2566 0.402908 0.311532  0.28556
169 0.267163 0.411015  0.321822
2231 0.379204 0.270256  0.35054
3008 0.33024 0.487233  0.182527
3449 0.0716347 0.416629  0.511736
314 0.165545 0.379919  0.454536
47 0.365918 0.332155  0.301927
2667 0.281035 0.340679  0.378286
2462 0.170755 0.179982  0.649263
314 0.815349 0.135204  0.049447
5925 0.469573 0.231639  0.298787
169 0.427028 0.377495  0.195477
1537 0.433903 0.172405  0.393692
6709 0.33986 0.320297  0.339843
6837 0.392125 0.423823  0.184051
2358 0.378161 0.303047  0.318791
7007 0.192727 0.345904  0.461369
5284 0.630704 0.134058  0.235239
244 0.805269 0.141694  0.0530365
602 0.458756 0.176884  0.364359
2342 0.616366 0.0895581  0.294076
6560 0.433361 0.389641  0.176998
108 0.293202 0.0944241  0.612374
334 0.446958 0.413132  0.13991
1099 0.213966 0.535719  0.250315
2299 0.118155 0.442429  0.439415
3489 0.14777 0.410072  0.442158
3054 0.383857 0.577228  0.0389158
314 0.0736734 0.374329  0.551997
6896 0.390826 0.267403  0.34177
138 0.285424 0.084712  0.629864
7226 0.512503 0.400496  0.0870011
3212 0.361888 0.399562  0.23855
3711 0.251278 0.357279  0.391443
1784 0.238603 0.126816  0.634581
6097 0.385822 0.222615  0.391563
5659 0.0182758 0.395157  0.586567
2623 0.382395 0.417295  0.20031
1768 0.151865 0.259033  0.589103
252 0.12174 0.112201  0.766059
5529 0.367774 0.0898556  0.542371
4127 0.271426 0.367022  0.361552
2890 0.439815 0.317224  0.242961
5348 0.341131 0.279103  0.379766
945 0.466748 0.142329  0.390923
3764 0.476494 0.204087  0.319419
5140 0.0430134 0.744073  0.212914
488 0.48233 0.257983  0.259687
2594 0.285447 0.456882  0.25767
522 0.494936 0.407362  0.0977027
1537 0.395941 0.496017  0.108042
7741 0.15986 0.491097  0.349043
170 0.703358 0.219574  0.0770679
7802 0.166978 0.415066  0.417956
488 0.491671 0.105455  0.402874
6057 0.0881074 0.301834  0.610059
138 0.228717 0.455578  0.315705
314 0.0993264 0.498969  0.401705
1308 0.322408 0.310672  0.36692
628 0.316596 0.49022  0.193184
1403 0.452532 0.0389082  0.508559
314 0.192505 0.465754  0.341741
1608 0.575723 0.277512  0.146765
5265 0.390156 0.131198  0.478646
3875 0.0923594 0.373834  0.533806
2138 0.358123 0.276169  0.365709
4881 0.222911 0.538045  0.239044
3451 0.325721 0.468141  0.206138
2534 0.347926 0.620023  0.0320507
2991 0.255899 0.210245  0.533855
2954 0.196071 0.315121  0.488808
6543 0.434611 0.363767  0.201622
2568 0.403657 0.163613  0.43273
3631 0.348905 0.437975  0.21312
1173 0.345881 0.450662  0.203457
4266 0.280264 0.618971  0.100765
7435 0.440945 0.181228  0.377827
138 0.471134 0.372773  0.156093
7567 0.403164 0.350436  0.2464
170 0.555049 0.12264  0.322311
982 0.554583 0.343125  0.102292
264 0.297887 0.574225  0.127887
763 0.309603 0.211363  0.479034
314 0.332949 0.332052  0.335
786 0.147134 0.755201  0.0976654
5581 0.369465 0.420518  0.210016
580 0.297389 0.381127  0.321484
7349 0.828365 0.141227  0.0304079
2945 0.371599 0.288165  0.340236
3062 0.376006 0.215745  0.40825
5458 0.327791 0.332923  0.339287
1483 0.453529 0.514451  0.0320194
314 0.228743 0.351793  0.419464
3138 0.160308 0.773585  0.0661072
169 0.429075 0.185619  0.385307
5784 0.164039 0.469635  0.366326
47 0.56497 0.344509  0.0905207
7412 0.594613 0.217439  0.187947
7309 0.256978 0.165964  0.577059
4309 0.485807 0.145576  0.368616
138 0.11544 0.104398  0.780162
2212 0.550297 0.188469  0.261234
3195 0.356277 0.157034  0.486689
1236 0.142491 0.271265  0.586244
3063 0.0730846 0.234408  0.692507
2605 0.470311 0.194841  0.334849
1728 0.673328 0.292867  0.0338055
3116 0.385073 0.530699  0.0842285
5318 0.417214 0.488505  0.0942812
303 0.483251 0.293022  0.223727
979 0.725422 0.0445192  0.230058
170 0.440992 0.130461  0.428547
3098 0.460213 0.418162  0.121625
5173 0.380628 0.346104  0.273268
5790 0.0762939 0.412949  0.510757
5775 0.622782 0.270098  0.10712
3510 0.405655 0.579155  0.0151903
3579 0.247302 0.417033  0.335665
75 0.740591 0.246449  0.0129595
314 0.39347 0.423963  0.182566
992 0.318535 0.449127  0.232338
856 0.383707 0.167338  0.448955
7650 0.157239 0.743472  0.0992895
6485 0.427132 0.323105  0.249763
6899 0.657002 0.333216  0.00978224
6224 0.313813 0.471872  0.214315
314 0.369646 0.251377  0.378977
2481 0.728889 0.131308  0.139803
334 0.131974 0.273039  0.594987
138 0.408233 0.102014  0.489753
86 0.40289 0.16756  0.42955
2599 0.182149 0.284967  0.532883
3572 0.509755 0.480501  0.00974396
2866 0.136542 0.401501  0.461957
314 0.410942 0.412979  0.176079
3977 0.934027 0.0376242  0.0283483
138 0.294581 0.343007  0.362413
2901 0.479241 0.243319  0.27744
2177 0.596523 0.293351  0.110127
528 0.0958218 0.670492  0.233686
314 0.452952 0.387762  0.159286
5853 0.332859 0.409007  0.258134
6905 0.423668 0.348805  0.227527
1422 0.223983 0.3689  0.407117
6153 0.244791 0.0492008  0.706008
795 0.550899 0.214141  0.23496
1308 0.248042 0.662146  0.0898118
5436 0.470163 0.121427  0.40841
945 0.0455936 0.463701  0.490706
5661 0.462131 0.157237  0.380633
3506 0.729754 0.0866349  0.183611
169 0.397676 0.383002  0.219322
2942 0.481828 0.0544355  0.463737
2892 0.140445 0.134363  0.725192
3905 0.133035 0.294091  0.572874
56 0.321381 0.543256  0.135363
1768 0.552403 0.411939  0.0356581
4996 0.0533293 0.866872  0.079799
488 0.0266133 0.4805  0.492886
7775 0.279741 0.476851  0.243408
169 0.381016 0.256476  0.362508
1371 0.32376 0.515561  0.160679
3185 0.107727 0.457982  0.434291
1105 0.0796851 0.502456  0.417859
1913 0.479727 0.226027  0.294246
47 0.261018 0.289017  0.449966
979 0.0628463 0.660656  0.276498
5339 0.546758 0.234847  0.218396
2532 0.157457 0.739716  0.102827
799 0.651639 0.0873609  0.261
47 0.57629 0.261599  0.162111
1173 0.225617 0.183536  0.590847
1032 0.461041 0.399967  0.138992
244 0.280248 0.35048  0.369272
2261 0.31754 0.33321  0.34925
157 0.563836 0.0416358  0.394528
122 0.447237 0.422014  0.13075
841 0.340504 0.632604  0.0268915
2357 0.140913 0.488134  0.370953
314 0.129212 0.507433  0.363355
163 0.0495346 0.74035  0.210115
314 0.160973 0.409947  0.429079
1393 0.430128 0.167559  0.402313
1221 0.400325 0.526237  0.0734381
6068 0.742498 0.191475  0.0660276
6262 0.44787 0.130656  0.421474
4198 0.372974 0.0788256  0.5482
1120 0.252705 0.300919  0.446376
584 0.557312 0.32189  0.120798
1936 0.574914 0.364534  0.0605517
137 0.769387 0.194171  0.0364421
314 0.310971 0.141593  0.547436
314 0.170397 0.301598  0.528005
7600 0.526848 0.162019  0.311133
1911 0.345435 0.312473  0.342092
4674 0.545202 0.215328  0.239469
1566 0.0977974 0.428142  0.474061
1309 0.706565 0.0397648  0.25367
795 0.417359 0.339475  0.243167
3008 0.309226 0.346077  0.344697
6739 0.083303 0.334233  0.582464
3551 0.0328273 0.349672  0.6175
847 0.246154 0.269899  0.483948
314 0.436504 0.504844  0.0586523
5077 0.578813 0.306891  0.114295
314 0.460266 0.25352  0.286214
4276 0.114496 0.560516  0.324989
2051 0.666845 0.140856  0.192299
6360 0.596669 0.11059  0.292741
1644 0.268629 0.164872  0.566499
3378 0.330285 0.0419219  0.627793
5233 0.0121041 0.230877  0.757019
5971 0.394726 0.155732  0.449542
522 0.500744 0.00982545  0.48943
1193 0.321257 0.368716  0.310027
1372 0.746996 0.104128  0.148875
314 0.318387 0.339413  0.342199
4426 0.308159 0.137505  0.554336
6603 0.255376 0.319043  0.425582
3887 0.26891 0.412792  0.318298
3727 0.261656 0.535872  0.202472
278 0.659632 0.27909  0.0612772
3505 0.416082 0.493312  0.0906061
584 0.686373 0.230894  0.0827333
3104 0.56228 0.414097  0.0236233
2357 0.384129 0.471453  0.144418
1667 0.396649 0.391388  0.211963
1395 0.504575 0.208003  0.287421
3506 0.165257 0.451626  0.383118
170 0.218568 0.563376  0.218056
532 0.216386 0.2321  0.551514
5617 0.62561 0.367086  0.00730371
6455 0.32464 0.396724  0.278636
1152 0.40807 0.432209  0.159721
1644 0.0601043 0.878667  0.0612283
334 0.392813 0.421854  0.185333
401 0.304511 0.162543  0.532946
86 0.377867 0.0748806  0.547253
3517 0.231601 0.210015  0.558384
3840 0.324879 0.27604  0.399081
275 0.560217 0.128535  0.311248
577 0.291351 0.666276  0.0423727
3129 0.365332 0.0608698  0.573799
169 0.445131 0.420136  0.134733
3036 0.143445 0.592137  0.264418
7558 0.444846 0.189132  0.366022
137 0.388772 0.139145  0.472083
919 0.344253 0.322626  0.333121
3017 0.2682 0.118515  0.613285
4812 0.387293 0.348008  0.264699
2108 0.40768 0.278795  0.313525
488 0.51439 0.0100668  0.475543
7529 0.645069 0.0349107  0.32002
2142 0.135832 0.41795  0.446218
1021 0.416206 0.398359  0.185435
523 0.376697 0.134877  0.488427
314 0.106398 0.571813  0.321789
7628 0.326246 0.552006  0.121748
86 0.36623 0.237297  0.396473
314 0.629511 0.0923967  0.278092
3627 0.512747 0.0436828  0.44357
903 0.278883 0.49191  0.229207
7255 0.329875 0.0189044  0.651221
1479 0.196497 0.437978  0.365524
6559 0.150831 0.610892  0.238277
314 0.153229 0.108518  0.738254
4405 0.578213 0.0366606  0.385126
1812 0.452086 0.0405201  0.507394
2540 0.201261 0.412498  0.386241
314 0.316139 0.283937  0.399925
2415 0.254224 0.335807  0.409969
3771 0.0706914 0.239026  0.690282
7056 0.563159 0.417167  0.0196743
334 0.591382 0.241399  0.167219
138 0.099484 0.450878  0.449638
6096 0.168191 0.391678  0.44013
1494 0.271407 0.497917  0.230677
51 0.367827 0.178022  0.454151
314 0.0306382 0.0269874  0.942374
584 0.281062 0.451284  0.267654
314 0.284445 0.340026  0.375529
196 0.460963 0.32447  0.214567
3729 0.170726 0.572259  0.257016
244 0.108112 0.730582  0.161306
7212 0.531434 0.0358058  0.43276
43 0.252511 0.575658  0.171831
1835 0.414529 0.294394  0.291077
2416 0.50973 0.356117  0.134154
1993 0.653869 0.234809  0.111322
2722 0.385977 0.161211  0.452812
488 0.601715 0.131548  0.266736
3593 0.260848 0.232884  0.506268
5428 0.280996 0.314501  0.404503
2375 0.164185 0.117023  0.718792
2581 0.134953 0.484397  0.38065
5953 0.424558 0.279568  0.295874
138 0.349389 0.28849  0.36212
314 0.368975 0.383521  0.247504
1371 0.0371441 0.323265  0.639591
3502 0.285176 0.13932  0.575503
1265 0.364986 0.457996  0.177018
4153 0.357233 0.424694  0.218072
6523 0.649925 0.0981902  0.251885
1743 0.869776 0.0605745  0.0696492
5944 0.435884 0.15585  0.408266
255 0.577717 0.123581  0.298703
597 0.0540229 0.394996  0.550981
169 0.528901 0.450886  0.0202132
3875 0.163214 0.689877  0.146909
275 0.472137 0.487654  0.0402095
7183 0.0233127 0.322204  0.654484
138 0.506981 0.185598  0.307421
1797 0.362244 0.0721355  0.565621
1507 0.115707 0.298025  0.586267
1812 0.735312 0.175521  0.0891668
2316 0.441228 0.308695  0.250077
211 0.318521 0.283991  0.397488
314 0.52777 0.156096  0.316133
4256 0.297698 0.40036  0.301942
5684 0.525078 0.372872  0.10205
2461 0.164244 0.372544  0.463212
318 0.129742 0.0989178  0.77134
3821 0.357228 0.348299  0.294474
6237 0.243047 0.121765  0.635188
597 0.313184 0.584808  0.102008
4064 0.109149 0.356805  0.534046
3530 0.0371563 0.208345  0.754499
524 0.255097 0.013045  0.731858
2508 0.306869 0.102174  0.590957
43 0.0982602 0.32238  0.57936
138 0.412507 0.368822  0.218671
522 0.501828 0.354854  0.143318
6818 0.361329 0.273101  0.365571
6848 0.550174 0.422618  0.0272077
3700 0.661721 0.0964755  0.241804
5280 0.276793 0.40111  0.322098
1284 0.364457 0.305183  0.330361
254 0.0605849 0.45291  0.486506
463 0.28034 0.492573  0.227087
3132 0.0714782 0.673429  0.255092
1383 0.451989 0.476987  0.0710238
5284 0.123142 0.667927  0.208931
169 0.296699 0.194462  0.508839
3029 0.222773 0.477672  0.299555
3024 0.342521 0.103165  0.554314
3461 0.347574 0.245958  0.406468
572 0.635035 0.23747  0.127495
7522 0.262773 0.579559  0.157668
85 0.31332 0.353283  0.333396
6827 0.314288 0.317391  0.36832
2225 0.500586 0.289751  0.209663
7543 0.44846 0.106758  0.444782
5106 0.610948 0.367313  0.0217388
6506 0.0888643 0.84858  0.0625558
6915 0.339025 0.63116  0.0298152
314 0.293629 0.438151  0.26822
6860 0.0323862 0.529983  0.437631
1674 0.184396 0.162131  0.653472
6284 0.303198 0.42597  0.270832
122 0.274173 0.364984  0.360842
7641 0.601579 0.233282  0.165139
314 0.251699 0.330175  0.418126
1287 0.400137 0.310042  0.289821
1634 0.331409 0.516915  0.151676
3771 0.387432 0.352041  0.260527
7050 0.151013 0.471589  0.377398
6848 0.315372 0.522231  0.162397
5552 0.341965 0.424232  0.233803
865 0.527426 0.161117  0.311457
1768 0.429851 0.365584  0.204565
191 0.0349128 0.556104  0.408983
314 0.3695 0.285973  0.344527
3199 0.142213 0.415961  0.441827
4212 0.0798788 0.502823  0.417298
170 0.100145 0.33585  0.564005
1236 0.115786 0.128162  0.756052
5182 0.299834 0.350057  0.350109
3320 0.475361 0.275236  0.249403
314 0.580218 0.245006  0.174776
4304 0.329342 0.419853  0.250805
515 0.422765 0.404783  0.172452
4089 0.212245 0.561807  0.225947
733 0.261306 0.325914  0.41278
4016 0.183057 0.37504  0.441903
1020 0.473616 0.0634928  0.462891
1405 0.192603 0.260428  0.546968
378 0.276152 0.284602  0.439246
314 0.101649 0.737283  0.161068
3644 0.327632 0.39629  0.276078
4990 0.355268 0.162812  0.481919
1021 0.333738 0.420166  0.246096
3455 0.10409 0.310729  0.585181
752 0.428951 0.072626  0.498423
2371 0.215782 0.435564  0.348655
333 0.365535 0.363074  0.271391
2156 0.334791 0.315998  0.34921
1155 0.38667 0.313206  0.300124
4294 0.344752 0.275594  0.379655
2462 0.378025 0.567239  0.054736
138 0.315081 0.29303  0.391889
4908 0.350879 0.258885  0.390237
481 0.371418 0.350883  0.277699
6325 0.540918 0.142913  0.316169
5371 0.17957 0.531817  0.288613
2169 0.470006 0.3981  0.131894
7353 0.440009 0.113463  0.446528
314 0.659614 0.0140482  0.326337
4266 0.563116 0.293006  0.143878
1021 0.352018 0.526102  0.12188
244 0.414872 0.397619  0.187509
5814 0.255259 0.529286  0.215455
7196 0.302114 0.235527  0.46236
527 0.182693 0.725663  0.0916443
6934 0.498418 0.406016  0.0955658
6929 0.354356 0.46293  0.182715
1970 0.3922 0.0357506  0.572049
3793 0.128576 0.357761  0.513664
3008 0.332386 0.394936  0.272678
169 0.504078 0.432793  0.0631282
314 0.226914 0.241255  0.531831
4272 0.406844 0.219212  0.373944
2759 0.650638 0.135322  0.21404
639 0.359217 0.054679  0.586104
522 0.429449 0.321619  0.248932
4902 0.0347601 0.227433  0.737807
314 0.430195 0.442875  0.12693
170 0.329383 0.0658616  0.604756
6728 0.414118 0.305559  0.280322
5626 0.377563 0.0526791  0.569758
6145 0.597084 0.332487  0.0704287
284 0.152703 0.711397  0.135901
7846 0.338165 0.183639  0.478196
1479 0.20621 0.348617  0.445173
334 0.240535 0.35543  0.404035
3229 0.53309 0.425945  0.0409652
6909 0.361055 0.375258  0.263687
5250 0.140113 0.729047  0.13084
1193 0.52371 0.441277  0.0350128
522 0.121393 0.406951  0.471656
2621 0.275474 0.323842  0.400685
1068 0.225583 0.382081  0.392336
1047 0.25256 0.402536  0.344904
584 0.373663 0.541205  0.0851323
169 0.176931 0.119659  0.703411
244 0.471129 0.469248  0.059623
314 0.156329 0.292089  0.551582
1656 0.269864 0.414744  0.315392
314 0.519616 0.285754  0.19463
913 0.465624 0.398859  0.135517
3225 0.513702 0.251706  0.234592
6181 0.210905 0.308239  0.480856
1537 0.0701711 0.57303  0.356799
314 0.162435 0.45797  0.379595
6289 0.655956 0.0103507  0.333693
7245 0.166346 0.479207  0.354447
314 0.090289 0.196386  0.713325
1155 0.321155 0.662138  0.016707
6810 0.527975 0.256265  0.21576
7483 0.118628 0.715284  0.166088
6794 0.150628 0.422191  0.427181
314 0.481561 0.10054  0.417899
170 0.584494 0.180858  0.234648
5411 0.505989 0.112103  0.381908
138 0.486214 0.499814  0.0139719
314 0.570769 0.199726  0.229505
2414 0.277928 0.279791  0.442281
7232 0.286578 0.633348  0.0800742
7620 0.445872 0.0691518  0.484976
7220 0.362446 0.182684  0.45487
7054 0.10923 0.714908  0.175862
7833 0.601069 0.204943  0.193989
2694 0.57012 0.0444755  0.385404
2481 0.0874386 0.282776  0.629786
170 0.20687 0.558412  0.234718
169 0.397294 0.162236  0.44047
7421 0.267132 0.447656  0.285211
7221 0.491457 0.289745  0.218797
1153 0.378472 0.132058  0.48947
314 0.402551 0.290169  0.30728
6524 0.3915 0.470806  0.137694
4016 0.169189 0.231524  0.599287
138 0.348645 0.345828  0.305527
2568 0.37521 0.587795  0.0369958
913 0.434894 0.454754  0.110352
5140 0.0908259 0.150736  0.758438
170 0.370586 0.269684  0.35973
4986 0.0549923 0.411463  0.533544
1638 0.205433 0.350578  0.443989
7339 0.511766 0.334201  0.154033
3890 0.191284 0.10696  0.701757
327 0.163024 0.420714  0.416262
1770 0.761857 0.201138  0.0370057
1021 0.40163 0.456111  0.142259
1276 0.345358 0.343899  0.310743
3506 0.229787 0.355656  0.414557
314 0.330444 0.612134  0.0574222
314 0.362633 0.153309  0.484057
2240 0.759458 0.219415  0.0211276
5827 0.309737 0.631676  0.0585869
334 0.33806 0.390126  0.271814
1797 0.365687 0.271451  0.362862
4229 0.18787 0.0941077  0.718022
169 0.231949 0.40262  0.365431
3210 0.0783916 0.333211  0.588397
5168 0.374403 0.181647  0.44395
138 0.321164 0.367739  0.311098
314 0.447682 0.386629  0.165689
912 0.112142 0.430718  0.45714
522 0.402352 0.15437  0.443278
2140 0.463475 0.448138  0.0883863
334 0.037329 0.408591  0.554081
3256 0.456152 0.037928  0.50592
7287 0.0931941 0.463141  0.443664
1105 0.555465 0.120814  0.323721
142 0.340493 0.312511  0.346996
4637 0.542738 0.338905  0.118357
4032 0.589268 0.181376  0.229356
584 0.335753 0.491309  0.172938
314 0.302844 0.5652  0.131955
7865 0.420854 0.334477  0.244669
4678 0.0310261 0.71777  0.251204
3237 0.431582 0.189645  0.378773
584 0.19037 0.223428  0.586202
154 0.32055 0.35075  0.3287
2295 0.308058 0.459294  0.232648
3074 0.278209 0.36502  0.356771
314 0.380512 0.475451  0.144037
7054 0.404699 0.156097  0.439204
169 0.0999408 0.374385  0.525675
2074 0.208546 0.316336  0.475118
871 0.325219 0.282964  0.391817
4439 0.0812784 0.797954  0.120768
945 0.220641 0.146887  0.632472
1631 0.480325 0.0741565  0.445519
616 0.480617 0.284564  0.234819
4330 0.574899 0.179023  0.246078
453 0.406387 0.202607  0.391006
13 0.72883 0.175123  0.096047
6005 0.399008 0.410393  0.190599
85 0.00736178 0.465065  0.527573
1915 0.616701 0.317154  0.0661447
314 0.639391 0.0542082  0.3064
548 0.0189344 0.661903  0.319163
1103 0.295238 0.356462  0.3483
1507 0.266271 0.359362  0.374367
314 0.351145 0.229695  0.419161
244 0.193466 0.729392  0.0771422
862 0.359182 0.447787  0.19303
548 0.342284 0.267943  0.389773
4279 0.55508 0.125538  0.319382
1168 0.369427 0.339794  0.290779
138 0.443228 0.100972  0.4558
370 0.40009 0.265712  0.334198
2568 0.444411 0.27697  0.278619
3535 0.0930046 0.423768  0.483227
314 0.298415 0.252507  0.449078
6871 0.443314 0.355919  0.200767
314 0.40957 0.193949  0.396481
314 0.670321 0.077723  0.251956
3894 0.151175 0.419926  0.428899
412 0.358593 0.33123  0.310177
2770 0.54025 0.182695  0.277055
5181 0.414677 0.491355  0.0939676
4199 0.564808 0.21897  0.216222
170 0.348581 0.355856  0.295562
6798 0.345059 0.631531  0.0234104
3535 0.36011 0.208265  0.431625
4420 0.321159 0.374756  0.304085
7823 0.528538 0.395513  0.0759484
568 0.142282 0.382542  0.475177
616 0.184516 0.114673  0.700811
169 0.345436 0.200872  0.453691
3928 0.231199 0.330682  0.438119
3090 0.113755 0.471879  0.414366
3816 0.270539 0.464522  0.264939
2755 0.848367 0.119904  0.0317295
314 0.392468 0.219735  0.387797
3832 0.102794 0.356542  0.540664
7742 0.439341 0.380224  0.180434
5482 0.299907 0.458841  0.241253
314 0.249656 0.296022  0.454323
2178 0.428294 0.099248  0.472458
122 0.419031 0.217372  0.363597
488 0.494507 0.0610957  0.444398
314 0.397088 0.278395  0.324516
7823 0.605343 0.341167  0.05349
314 0.140327 0.466925  0.392748
1811 0.374297 0.482336  0.143367
927 0.213386 0.511821  0.274793
138 0.239896 0.579728  0.180376
2355 0.212829 0.57995  0.20722
244 0.327917 0.395545  0.276538
1558 0.227515 0.507169  0.265316
1271 0.283176 0.049328  0.667496
5213 0.154472 0.499442  0.346085
4340 0.377195 0.360086  0.262719
170 0.0949244 0.351776  0.5533
3048 0.415757 0.114354  0.46989
552 0.293745 0.544823  0.161432
314 0.530059 0.200853  0.269088
3943 0.202747 0.347488  0.449765
109 0.304055 0.626188  0.0697568
3452 0.483684 0.477972  0.0383436
314 0.0363859 0.475402  0.488212
584 0.743839 0.188819  0.0673426
1283 0.0787465 0.596317  0.324936
3557 0.37543 0.165839  0.458732
169 0.377592 0.615937  0.00647027
4495 0.356322 0.460786  0.182891
802 0.368679 0.425219  0.206102
1115 0.174502 0.287893  0.537605
314 0.707826 0.228482  0.0636915
691 0.618537 0.0445433  0.33692
3887 0.455785 0.411828  0.132387
155 0.286206 0.407631  0.306164
975 0.110496 0.26887  0.620634
6266 0.45519 0.236094  0.308715
3491 0.10224 0.172244  0.725516
663 0.419888 0.0272571  0.552855
498 0.157973 0.382738  0.459289
4043 0.0659994 0.450625  0.483376
593 0.310615 0.361814  0.327571
169 0.381243 0.184251  0.434506
1906 0.558272 0.295245  0.146484
3186 0.286597 0.298145  0.415258
7608 0.254067 0.449006  0.296927
6189 0.426448 0.17307  0.400481
334 0.50284 0.400812  0.0963477
7827 0.559855 0.192889  0.247256
7671 0.33038 0.0227756  0.646845
314 0.0734001 0.456987  0.469612
169 0.385348 0.252297  0.362355
2414 0.0278221 0.595679  0.376499
314 0.619569 0.314002  0.0664291
2508 0.0951858 0.579851  0.324963
314 0.475465 0.479741  0.0447939
522 0.299258 0.449448  0.251294
334 0.320315 0.196983  0.482703
5005 0.496117 0.405895  0.0979878
5022 0.224489 0.235596  0.539915
6448 0.0827093 0.703464  0.213827
108 0.31669 0.254662  0.428648
244 0.0230051 0.507287  0.469708
191 0.0659919 0.0746901  0.859318
5681 0.198139 0.665297  0.136563
5813 0.445804 0.112912  0.441285
1173 0.578123 0.260387  0.161491
5234 0.282271 0.398667  0.319061
1095 0.359939 0.263871  0.37619
3397 0.202678 0.362819  0.434503
5295 0.555551 0.239752  0.204697
2355 0.42879 0.0222263  0.548983
5838 0.165062 0.133885  0.701053
314 0.179688 0.656098  0.164214
138 0.340071 0.347029  0.3129
3002 0.586064 0.151462  0.262475
2156 0.273875 0.379836  0.346289
362 0.467712 0.463911  0.0683765
1952 0.171748 0.576919  0.251334
2206 0.523107 0.453537  0.0233561
5652 0.2599 0.35297  0.38713
3477 0.572647 0.273738  0.153615
374 0.272805 0.305215  0.42198
2568 0.365273 0.360034  0.274693
169 0.504612 0.358653  0.136735
334 0.508714 0.146949  0.344337
7753 0.39996 0.423368  0.176672
4760 0.684391 0.204105  0.111503
718 0.220987 0.433437  0.345576
3997 0.344386 0.0638995  0.591714
138 0.423986 0.32318  0.252834
2527 0.377286 0.0982497  0.524464
2604 0.432317 0.140035  0.427648
1360 0.836993 0.118109  0.0448977
169 0.522793 0.110917  0.366291
314 0.310459 0.230869  0.458671
3008 0.115269 0.324318  0.560413
5296 0.435754 0.1508  0.413446
140 0.320212 0.439248  0.24054
2983 0.0226259 0.297392  0.679982
244 0.176737 0.340471  0.482792
6664 0.704539 0.128653  0.166808
488 0.174475 0.426749  0.398776
1537 0.611487 0.0467954  0.341717
138 0.281748 0.212266  0.505986
3677 0.457198 0.467023  0.0757797
942 0.271558 0.407443  0.320999
2975 0.198136 0.363486  0.438378
5019 0.140023 0.0704437  0.789533
522 0.437244 0.312343  0.250412
2686 0.604075 0.0758138  0.320111
522 0.536647 0.423622  0.0397313
1518 0.164789 0.329004  0.506207
4090 0.525645 0.215707  0.258648
2625 0.278482 0.183334  0.538184
6985 0.26575 0.345691  0.388559
3559 0.326757 0.334706  0.338537
314 0.0353135 0.267057  0.697629
244 0.528772 0.05352  0.417708
913 0.561599 0.0805261  0.357875
314 0.223837 0.0983016  0.677862
138 0.252526 0.332202  0.415272
538 0.193695 0.456373  0.349931
138 0.143929 0.0852877  0.770784
2154 0.383141 0.294433  0.322426
314 0.471898 0.0675219  0.46058
2516 0.413995 0.275117  0.310888
6995 0.521035 0.316802  0.162163
314 0.0542731 0.461269  0.484458
3028 0.34064 0.282425  0.376935
597 0.14542 0.456063  0.398517
857 0.285683 0.463583  0.250733
5112 0.324711 0.188386  0.486904
138 0.238508 0.652137  0.109356
314 0.525163 0.290115  0.184723
1173 0.358301 0.295453  0.346246
1479 0.507143 0.233037  0.25982
314 0.0796073 0.558331  0.362062
7056 0.298164 0.587822  0.114014
3906 0.474239 0.116682  0.409079
522 0.517319 0.174049  0.308633
3991 0.12036 0.390459  0.489181
2502 0.495587 0.309779  0.194634
3723 0.37348 0.489096  0.137424
4727 0.650671 0.272668  0.0766618
244 0.534766 0.358288  0.106946
5814 0.250714 0.0791  0.670186
138 0.55166 0.399375  0.0489651
4439 0.0557487 0.65369  0.290562
3039 0.375536 0.245114  0.37935
138 0.18004 0.393411  0.426549
85 0.0205379 0.634254  0.345208
169 0.0525915 0.525647  0.421762
86 0.231808 0.44563  0.322562
2481 0.144601 0.56223  0.29317
338 0.506562 0.117459  0.37598
314 0.36465 0.370768  0.264581
1684 0.376046 0.31713  0.306823
4889 0.0922762 0.363347  0.544377
3452 0.344024 0.277909  0.378067
3382 0.739962 0.108832  0.151205
337 0.418348 0.173436  0.408216
342 0.359659 0.356356  0.283985
3825 0.048141 0.291215  0.660644
5392 0.432663 0.416729  0.150608
334 0.818414 0.098307  0.0832794
3506 0.371001 0.339935  0.289064
3506 0.0115348 0.408389  0.580076
138 0.652905 0.225431  0.121665
4000 0.649648 0.0923864  0.257965
4884 0.239672 0.454389  0.305939
7797 0.53083 0.358919  0.11025
2508 0.250064 0.264537  0.485399
2391 0.269814 0.3288  0.401386
5187 0.39477 0.02057  0.58466
5857 0.42015 0.490266  0.0895843
6764 0.614272 0.0507709  0.334957
4032 0.524264 0.399188  0.0765482
1268 0.535675 0.428161  0.036164
2285 0.176905 0.31793  0.505165
138 0.491132 0.193888  0.314981
4863 0.310824 0.416491  0.272685
2678 0.255861 0.40508  0.33906
6682 0.213056 0.419845  0.367099
3757 0.440665 0.355925  0.20341
2309 0.556967 0.147593  0.29544
170 0.329321 0.341886  0.328793
2057 0.147327 0.174412  0.678261
434 0.200627 0.456919  0.342455
3799 0.195963 0.345699  0.458339
5152 0.646878 0.149148  0.203974
314 0.171238 0.313216  0.515546
138 0.634281 0.0478013  0.317917
584 0.324862 0.149708  0.525429
5232 0.355359 0.572465  0.0721767
334 0.339229 0.272448  0.388323
2942 0.319759 0.60008  0.0801606
138 0.0102884 0.0363228  0.953389
7478 0.324354 0.628436  0.0472099
314 0.370139 0.364448  0.265413
314 0.836993 0.150138  0.0128693
314 0.277436 0.423418  0.299146
2188 0.504036 0.294151  0.201813
314 0.337189 0.464387  0.198423
5698 0.0563892 0.618461  0.32515
259 0.552821 0.355062  0.092117
4589 0.3527 0.453057  0.194244
5094 0.33193 0.553308  0.114762
3253 0.218423 0.389335  0.392242
6121 0.393304 0.2155  0.391196
6988 0.478162 0.203165  0.318673
450 0.4565 0.11739  0.426109
127 0.444327 0.495328  0.0603455
5940 0.189214 0.76518  0.0456056
7767 0.441049 0.43272  0.12623
845 0.504511 0.37634  0.119149
4266 0.483006 0.146208  0.370786
3437 0.641672 0.317147  0.0411806
6420 0.380667 0.226197  0.393136
314 0.0364781 0.630112  0.33341
7262 0.406309 0.355611  0.23808
1551 0.244058 0.594406  0.161537
169 0.184261 0.124616  0.691123
1374 0.349034 0.451776  0.19919
3863 0.476751 0.095115  0.428134
6969 0.203234 0.613722  0.183044
169 0.42893 0.0130072  0.558062
889 0.195757 0.384038  0.420206
7101 0.373289 0.417089  0.209622
6449 0.0956958 0.556078  0.348226
3654 0.144485 0.375143  0.480372
504 0.318019 0.0832381  0.598743
3354 0.786804 0.128851  0.0843451
2211 0.401443 0.475416  0.123142
2636 0.345649 0.352651  0.3017
1187 0.315506 0.50819  0.176303
997 0.563572 0.392039  0.044389
5380 0.475111 0.0502422  0.474647
1250 0.537031 0.17565  0.287319
314 0.689929 0.200245  0.109826
3355 0.466427 0.285878  0.247695
434 0.208919 0.420726  0.370355
314 0.301949 0.535297  0.162754
488 0.0537797 0.499881  0.446339
7610 0.313415 0.34522  0.341365
169 0.435827 0.152837  0.411336
6195 0.39836 0.266932  0.334708
2751 0.253353 0.490429  0.256218
169 0.810805 0.0722145  0.11698
314 0.470624 0.151116  0.37826
5117 0.58946 0.314586  0.0959542
931 0.457495 0.201959  0.340546
108 0.18019 0.338064  0.481746
338 0.201896 0.237897  0.560207
4034 0.402513 0.307565  0.289922
2443 0.590605 0.318031  0.0913634
1155 0.816041 0.162643  0.021316
794 0.59218 0.210328  0.197492
5489 0.103129 0.411933  0.484938
7475 0.268207 0.418077  0.313716
7752 0.36644 0.400763  0.232797
314 0.184519 0.401377  0.414103
314 0.293412 0.302228  0.404361
4291 0.0333655 0.591829  0.374805
334 0.588836 0.0107221  0.400442
1104 0.72872 0.09464  0.17664
1290 0.156903 0.391665  0.451432
314 0.408168 0.375128  0.216704
47 0.424114 0.474728  0.101158
3180 0.210586 0.689832  0.0995812
2098 0.330901 0.366171  0.302928
584 0.41569 0.134641  0.449668
4103 0.0916494 0.374907  0.533444
6794 0.192747 0.269177  0.538076
4238 0.514963 0.176697  0.30834
2259 0.457233 0.51938  0.0233872
909 0.561897 0.299241  0.138862
1431 0.0710874 0.222994  0.705919
4297 0.922503 0.05925  0.0182474
1095 0.0403701 0.591024  0.368606
169 0.646309 0.236676  0.117015
1289 0.893643 0.0645158  0.041841
7296 0.154083 0.683899  0.162018
7509 0.0486905 0.584335  0.366974
1032 0.628167 0.262387  0.109446
488 0.539509 0.0429127  0.417578
2702 0.427981 0.105522  0.466496
1308 0.210817 0.353334  0.435849
5107 0.379612 0.305675  0.314713
138 0.217327 0.380472  0.402202
1253 0.233815 0.42055  0.345636
314 0.621812 0.296645  0.0815432
6077 0.125684 0.0802899  0.794026
6728 0.392664 0.51919  0.0881456
3506 0.352772 0.420619  0.22661
170 0.337205 0.20663  0.456165
4720 0.587818 0.0804825  0.331699
6619 0.444337 0.522118  0.0335447
6261 0.379301 0.4322  0.188499
4236 0.248812 0.203919  0.54727
47 0.268374 0.269393  0.462233
794 0.278945 0.10244  0.618614
4333 0.01941 0.53837  0.44222
1301 0.386524 0.0609829  0.552493
169 0.446611 0.246188  0.3072
2005 0.129241 0.0881009  0.782658
138 0.201454 0.42056  0.377986
2780 0.465574 0.299641  0.234785
314 0.58557 0.0469711  0.367459
1310 0.554453 0.0587652  0.386782
314 0.29973 0.543877  0.156394
2 0.181443 0.46352  0.355037
6001 0.636963 0.342599  0.0204374
314 0.336069 0.507255  0.156676
7318 0.298524 0.595244  0.106231
138 0.178021 0.593667  0.228312
334 0.635545 0.0855659  0.278889
314 0.202792 0.223011  0.574197
5419 0.0378362 0.498809  0.463355
2389 0.524186 0.206499  0.269315
1984 0.34665 0.381009  0.272341
310 0.300268 0.360006  0.339726
1537 0.137613 0.42467  0.437717
423 0.199942 0.321646  0.478412
4470 0.0436949 0.319933  0.636373
1806 0.674638 0.106349  0.219013
3099 0.362959 0.539201  0.0978405
6671 0.217806 0.495931  0.286263
1116 0.395624 0.264083  0.340293
702 0.624172 0.325843  0.0499857
584 0.254441 0.357832  0.387726
488 0.039264 0.296023  0.664713
3630 0.521222 0.450613  0.0281654
70 0.30492 0.323943  0.371137
169 0.398465 0.423467  0.178068
6524 0.261871 0.621672  0.116457
3800 0.127972 0.311502  0.560527
3074 0.311876 0.396013  0.29211
4706 0.422954 0.0726324  0.504414
2726 0.076351 0.893047  0.0306022
488 0.364381 0.369195  0.266425
5879 0.427409 0.261262  0.31133
189 0.0231377 0.281037  0.695825
4715 0.332999 0.296266  0.370735
2260 0.440282 0.290108  0.26961
1521 0.245218 0.396042  0.358739
314 0.251392 0.520434  0.228174
121 0.0561207 0.468636  0.475243
584 0.733096 0.115585  0.151319
5948 0.425682 0.282562  0.291756
5997 0.554385 0.0544825  0.391133
5681 0.2094 0.588718  0.201882
3217 0.341966 0.144042  0.513992
1611 0.200877 0.468173  0.330949
4973 0.412929 0.484331  0.10274
1193 0.354095 0.323031  0.322874
334 0.498878 0.375431  0.12569
2481 0.445197 0.47417  0.0806324
138 0.563003 0.251397  0.1856
281 0.132704 0.349546  0.51775
169 0.186592 0.217534  0.595874
314 0.43026 0.0705116  0.499228
314 0.30791 0.347152  0.344938
2576 0.626634 0.332829  0.0405371
2636 0.384427 0.248056  0.367518
4502 0.0437086 0.416886  0.539405
283 0.318007 0.224025  0.457968
5595 0.0464121 0.513958  0.43963
2254 0.418098 0.393706  0.188196
334 0.475195 0.0513362  0.473469
138 0.055745 0.433165  0.51109
6440 0.369039 0.184734  0.446227
488 0.588047 0.0516023  0.360351
2073 0.0894033 0.697197  0.213399
267 0.366676 0.244267  0.389057
191 0.452291 0.070366  0.477343
3008 0.136481 0.658574  0.204944
7544 0.557849 0.129449  0.312702
138 0.36884 0.0373641  0.593796
244 0.127065 0.657354  0.215581
314 0.527137 0.0454486  0.427414
314 0.385747 0.240056  0.374197
7375 0.441707 0.0946755  0.463618
488 0.217782 0.64867  0.133548
6453 0.274008 0.183508  0.542484
314 0.457619 0.509367  0.0330141
6165 0.250745 0.417442  0.331813
760 0.238758 0.0545715  0.706671
3029 0.505181 0.33885  0.15597
3862 0.296941 0.248631  0.454428
3431 0.328663 0.274475  0.396861
488 0.317609 0.0198469  0.662544
3511 0.221721 0.208349  0.56993
2932 0.32829 0.522048  0.149662
170 0.599187 0.0847064  0.316106
3120 0.5163 0.311057  0.172643
4135 0.152497 0.528214  0.319289
3844 0.0261033 0.379636  0.59426
856 0.115763 0.360245  0.523991
7198 0.593218 0.271387  0.135396
5754 0.0250433 0.571719  0.403238
3463 0.227902 0.627297  0.144801
4866 0.500465 0.224736  0.274798
5551 0.290639 0.374099  0.335262
593 0.282744 0.289808  0.427448
314 0.482409 0.412498  0.105092
4971 0.318817 0.149605  0.531578
314 0.366433 0.341372  0.292195
314 0.455199 0.214987  0.329815
384 0.374866 0.362649  0.262485
858 0.0571811 0.455678  0.48714
1060 0.146572 0.787067  0.0663611
3868 0.319323 0.453085  0.227591
7223 0.0936257 0.598375  0.307999
584 0.144923 0.309327  0.54575
114 0.121522 0.462694  0.415783
5542 0.347189 0.584663  0.0681487
2358 0.460756 0.214195  0.325049
170 0.263272 0.0160961  0.720632
371 0.262392 0.490045  0.247563
170 0.2624 0.380522  0.357078
314 0.408721 0.193374  0.397904
522 0.492875 0.292097  0.215028
6681 0.289442 0.47404  0.236519
334 0.287672 0.633487  0.0788414
1519 0.385832 0.41219  0.201978
122 0.383477 0.324025  0.292498
2974 0.424408 0.420929  0.154663
6229 0.174149 0.405136  0.420714
3570 0.135849 0.76596  0.0981912
553 0.257142 0.425707  0.317151
334 0.226067 0.294445  0.479488
877 0.525161 0.391884  0.0829554
314 0.196153 0.572552  0.231295
7177 0.506722 0.466949  0.0263288
2889 0.461836 0.278631  0.259533
170 0.163025 0.43236  0.404615
566 0.346721 0.0584192  0.59486
4031 0.315034 0.251686  0.43328
3920 0.0577352 0.450916  0.491349
314 0.282397 0.254861  0.462742
1480 0.553392 0.158717  0.287891
1963 0.506055 0.428487  0.0654578
687 0.71253 0.198879  0.0885913
6674 0.485197 0.495505  0.0192982
1212 0.0891657 0.632469  0.278365
1924 0.262608 0.640799  0.0965932
4040 0.278056 0.177481  0.544463
338 0.527485 0.121787  0.350728
6467 0.140983 0.422444  0.436573
211 0.343427 0.271994  0.384579
2495 0.210427 0.512283  0.277289
260 0.540203 0.0520262  0.407771
138 0.0878746 0.271477  0.640648
314 0.190528 0.326935  0.482537
1394 0.463303 0.192786  0.34391
1651 0.377536 0.378079  0.244386
7131 0.351489 0.0716123  0.576898
4976 0.20985 0.523457  0.266693
2871 0.107931 0.614099  0.277971
6096 0.229012 0.477907  0.293081
7581 0.0902404 0.106288  0.803472
114 0.0673638 0.620721  0.311915
7842 0.194058 0.436484  0.369458
5712 0.287028 0.177787  0.535185
6528 0.147106 0.0450337  0.80786
5460 0.549359 0.00791805  0.442723
154 0.437493 0.402544  0.159964
244 0.0382495 0.724198  0.237552
3185 0.344259 0.22478  0.430961
314 0.210241 0.318452  0.471307
3019 0.434855 0.159355  0.405791
3560 0.462818 0.156729  0.380452
5434 0.0770501 0.0499881  0.872962
4839 0.324278 0.198903  0.476819
5392 0.0535801 0.307996  0.638424
3279 0.316998 0.659565  0.0234371
683 0.32297 0.284655  0.392375
2264 0.0268071 0.386914  0.586279
3506 0.0861886 0.0613362  0.852475
2288 0.566686 0.273696  0.159619
