4613 0.311745 0.404093  0.284163
1798 0.167099 0.794402  0.038499
7765 0.373995 0.377147  0.248858
774 0.185647 0.435489  0.378864
101 0.49764 0.483581  0.0187781
5824 0.291836 0.345998  0.362165
1258 0.317978 0.289792  0.392229
3563 0.466723 0.136101  0.397176
6771 0.236555 0.10454  0.658905
4481 0.471059 0.400504  0.128437
5790 0.579057 0.189529  0.231414
4994 0.53756 0.245777  0.216663
1369 0.270412 0.422769  0.306819
5464 0.180477 0.55762  0.261903
208 0.335779 0.324356  0.339866
7454 0.123219 0.402681  0.474101
880 0.331028 0.61514  0.0538328
4605 0.0649042 0.0860118  0.849084
7766 0.584838 0.145422  0.26974
4023 0.414655 0.265211  0.320134
7372 0.461626 0.256381  0.281993
716 0.364633 0.460898  0.174469
6992 0.25038 0.364877  0.384742
138 0.471188 0.220078  0.308733
4765 0.182383 0.274864  0.542753
4461 0.678545 0.126472  0.194984
7300 0.210727 0.27481  0.514463
4011 0.513379 0.122491  0.36413
1836 0.232695 0.392109  0.375196
703 0.407264 0.202305  0.390431
52 0.724113 0.123694  0.152193
8233 0.280538 0.349896  0.369565
3 0.299911 0.594261  0.105829
7343 0.0909401 0.193639  0.71542
736 0.218817 0.654955  0.126228
1392 0.447472 0.426966  0.125563
3802 0.129108 0.485027  0.385865
4381 0.318386 0.446494  0.235119
6044 0.608365 0.355034  0.036601
4576 0.689629 0.0282759  0.282095
5895 0.220389 0.389436  0.390175
7414 0.410755 0.368394  0.220851
4709 0.18797 0.644552  0.167478
7045 0.447664 0.0168763  0.535459
5876 0.198638 0.33001  0.471352
7374 0.593815 0.108186  0.297999
549 0.656354 0.167845  0.175801
1757 0.0718739 0.574602  0.353524
7136 0.235279 0.141688  0.623033
5972 0.346602 0.321397  0.332001
8334 0.0948686 0.0505831  0.854548
7465 0.139712 0.332874  0.527415
4879 0.314243 0.399543  0.286214
4382 0.581844 0.167577  0.25058
3094 0.360966 0.449031  0.190003
5712 0.672469 0.184109  0.143421
2261 0.301643 0.308081  0.390276
1406 0.365206 0.210554  0.42424
2917 0.249803 0.262333  0.487865
157 0.0720911 0.492767  0.435142
7451 0.33081 0.333746  0.335443
6879 0.369324 0.503792  0.126884
4037 0.356463 0.308987  0.33455
2784 0.419246 0.406992  0.173763
7228 0.086842 0.275355  0.637803
4621 0.273999 0.405147  0.320854
6479 0.310051 0.327871  0.362078
4621 0.549168 0.0217845  0.429048
605 0.126551 0.492663  0.380786
1762 0.62363 0.233325  0.143045
6482 0.650941 0.28999  0.0590694
5005 0.264113 0.579409  0.156478
6085 0.186489 0.429138  0.384373
2308 0.617931 0.319293  0.0627764
4066 0.624087 0.108362  0.267551
1604 0.165835 0.480437  0.353728
4719 0.457666 0.0899601  0.452374
7998 0.567543 0.152867  0.27959
825 0.538799 0.343002  0.118199
6067 0.371369 0.304287  0.324344
1753 0.369523 0.0938775  0.5366
4772 0.535101 0.287171  0.177728
4485 0.127163 0.816914  0.0559231
1038 0.186206 0.361155  0.452639
4546 0.356727 0.232286  0.410987
748 0.505549 0.295393  0.199058
2745 0.118586 0.215119  0.666295
770 0.133074 0.71969  0.147236
6664 0.442999 0.40447  0.152531
3150 0.0751801 0.429324  0.495496
5663 0.449499 0.136998  0.413503
8282 0.465413 0.213958  0.320629
7471 0.254036 0.264324  0.48164
5198 0.601637 0.196773  0.20159
8376 0.214048 0.365464  0.420488
6501 0.575405 0.210187  0.214408
3582 0.330256 0.462792  0.206952
7468 0.471119 0.298694  0.230188
2335 0.167017 0.659321  0.173663
733 0.393121 0.115625  0.491254
4577 0.400135 0.404899  0.194965
4569 0.37776 0.571863  0.0503768
4648 0.240405 0.19402  0.565575
6797 0.530335 0.336402  0.133262
761 0.181945 0.408581  0.409474
6707 0.55549 0.0252967  0.419213
1625 0.0812102 0.337958  0.580831
7323 0.370068 0.290906  0.339026
1120 0.341334 0.328854  0.329812
1697 0.0968773 0.243703  0.65942
4982 0.186549 0.0544051  0.759046
5716 0.682582 0.187303  0.130115
931 0.367936 0.352591  0.279473
4455 0.1424 0.142808  0.714792
2604 0.440557 0.0975452  0.461898
434 0.328251 0.344237  0.327512
6497 0.446259 0.338043  0.215698
1153 0.417494 0.375131  0.207375
1592 0.329441 0.327011  0.343548
3045 0.516258 0.459941  0.0238007
8094 0.474115 0.379663  0.146223
5977 0.394489 0.0291967  0.576314
7675 0.233375 0.242567  0.524058
2416 0.297537 0.256124  0.446338
3008 0.357517 0.163599  0.478884
7196 0.537723 0.27119  0.191087
4031 0.289945 0.308961  0.401094
258 0.183983 0.284909  0.531108
8331 0.441071 0.456748  0.102181
4977 0.252265 0.30509  0.442645
7745 0.289569 0.0625773  0.647853
4950 0.345862 0.330132  0.324007
4929 0.0783387 0.388866  0.532796
7467 0.38194 0.0529629  0.565097
7809 0.306736 0.637733  0.055531
607 0.412869 0.390401  0.196729
111 0.383304 0.454193  0.162503
3819 0.137607 0.281787  0.580606
6597 0.0904472 0.266435  0.643118
4784 0.244984 0.381342  0.373674
480 0.324042 0.178097  0.497861
6451 0.203511 0.411297  0.385192
4166 0.112805 0.0375041  0.849691
4703 0.173013 0.666036  0.160951
7762 0.15479 0.407959  0.437251
7066 0.497768 0.333114  0.169118
5052 0.789145 0.151382  0.0594729
7246 0.37212 0.529985  0.0978944
1591 0.0458585 0.313058  0.641083
448 0.382872 0.382429  0.234699
5813 0.507595 0.291688  0.200717
7707 0.187402 0.389738  0.42286
5058 0.0581993 0.572967  0.368834
1526 0.0800627 0.253888  0.66605
4451 0.248077 0.402695  0.349228
4581 0.39957 0.275028  0.325402
1526 0.190731 0.76183  0.0474389
4536 0.363939 0.463789  0.172273
8091 0.412989 0.413717  0.173294
4942 0.290151 0.444071  0.265778
6833 0.408759 0.351452  0.239789
4592 0.510244 0.068827  0.420929
4583 0.437645 0.023957  0.538398
4484 0.402372 0.451412  0.146217
8034 0.148547 0.313905  0.537548
7270 0.201422 0.135347  0.663231
4754 0.626925 0.287454  0.0856214
921 0.618434 0.104158  0.277408
1350 0.635155 0.074502  0.290343
4648 0.0988775 0.882804  0.0183187
4902 0.0142835 0.481171  0.504545
4576 0.426696 0.0811994  0.492104
7314 0.508294 0.254947  0.23676
6960 0.26292 0.0486634  0.688417
5763 0.318501 0.0481484  0.633351
7503 0.282286 0.702513  0.0152005
5988 0.149441 0.631218  0.219341
3609 0.594816 0.247947  0.157237
4678 0.430656 0.517303  0.0520414
61 0.526919 0.201686  0.271394
588 0.315445 0.127215  0.55734
1290 0.274506 0.263538  0.461956
1524 0.0128686 0.382687  0.604444
6543 0.56432 0.185496  0.250184
7357 0.362629 0.312244  0.325126
1455 0.0174417 0.433171  0.549388
6073 0.314718 0.319994  0.365288
8359 0.425679 0.192081  0.38224
4323 0.0530583 0.67474  0.272202
782 0.385432 0.563488  0.0510801
6191 0.441072 0.550707  0.00822091
4786 0.478695 0.38791  0.133395
640 0.518763 0.0926808  0.388556
7184 0.460306 0.365014  0.17468
7744 0.574634 0.202608  0.222758
3420 0.0379038 0.387416  0.57468
4426 0.59981 0.236036  0.164154
4781 0.283901 0.29944  0.416658
8594 0.295808 0.36075  0.343442
1138 0.542487 0.294929  0.162584
4781 0.363935 0.423123  0.212943
8470 0.434047 0.22424  0.341713
7008 0.169335 0.371643  0.459022
1256 0.516388 0.360866  0.122746
5184 0.191463 0.625694  0.182844
1493 0.228634 0.0807936  0.690572
3949 0.208446 0.0249312  0.766623
7519 0.0920981 0.170986  0.736916
5558 0.522504 0.385049  0.092447
4771 0.440391 0.1778  0.381809
6503 0.237211 0.458034  0.304755
1412 0.297633 0.323139  0.379227
6537 0.232099 0.539818  0.228083
6291 0.523478 0.16124  0.315282
7765 0.211492 0.216145  0.572364
7279 0.157461 0.183102  0.659437
322 0.280911 0.351813  0.367276
5897 0.0942827 0.4207  0.485017
146 0.310874 0.488412  0.200714
4384 0.145989 0.652271  0.20174
4737 0.0944578 0.30892  0.596622
7464 0.515388 0.289897  0.194715
7745 0.502841 0.0727499  0.424409
3359 0.123719 0.085599  0.790682
4966 0.460206 0.455609  0.0841843
5562 0.0446662 0.506726  0.448608
4643 0.316226 0.41623  0.267544
3191 0.389796 0.242514  0.36769
7433 0.332416 0.444904  0.22268
4700 0.17933 0.476468  0.344202
1664 0.31431 0.530075  0.155615
3923 0.36654 0.135302  0.498158
4449 0.0608079 0.483581  0.455611
5846 0.189619 0.348284  0.462097
6629 0.441507 0.50717  0.0513236
7766 0.364427 0.523075  0.112498
1596 0.502972 0.418633  0.0783945
4381 0.382642 0.258229  0.35913
4463 0.329375 0.289495  0.381129
4611 0.563492 0.298616  0.137891
2327 0.13179 0.464052  0.404158
5977 0.693624 0.0912201  0.215156
4742 0.454713 0.325077  0.22021
6935 0.344268 0.381021  0.274711
4604 0.456962 0.457475  0.0855628
3687 0.203653 0.444688  0.351658
4995 0.0930319 0.51255  0.394418
7503 0.215066 0.407117  0.377817
6699 0.390454 0.377791  0.231754
6464 0.140308 0.484556  0.375136
4781 0.424259 0.512364  0.0633761
6250 0.357736 0.377806  0.264458
3990 0.374418 0.293965  0.331617
6759 0.354709 0.289533  0.355758
1622 0.269998 0.417368  0.312635
6374 0.466905 0.0628459  0.470249
7723 0.0428621 0.427372  0.529766
1337 0.0258238 0.281579  0.692598
1573 0.273828 0.289621  0.436551
1769 0.366023 0.247528  0.38645
7764 0.427592 0.15178  0.420628
5076 0.273769 0.651887  0.074344
7221 0.0798427 0.0345338  0.885624
3596 0.666566 0.255956  0.0774783
8137 0.486819 0.186031  0.32715
3541 0.408679 0.400482  0.190838
7542 0.626245 0.180467  0.193288
1817 0.264767 0.369998  0.365235
4792 0.4223 0.196456  0.381244
849 0.369299 0.0956977  0.535003
1727 0.106152 0.350292  0.543555
5861 0.435892 0.427281  0.136827
7302 0.26594 0.478101  0.255959
2188 0.28895 0.453969  0.257082
4510 0.270033 0.101473  0.628494
6993 0.0183071 0.585155  0.396538
3652 0.130883 0.301937  0.56718
3774 0.287385 0.200313  0.512302
416 0.380714 0.321548  0.297738
4786 0.302652 0.466276  0.231072
1568 0.444589 0.295924  0.259487
5008 0.175871 0.307356  0.516773
6875 0.250563 0.457771  0.291666
4571 0.149701 0.419458  0.430841
511 0.49315 0.321641  0.185209
7942 0.324236 0.457967  0.217798
8100 0.363409 0.236253  0.400338
2273 0.245407 0.267604  0.486989
4607 0.317532 0.422691  0.259777
6900 0.25447 0.273019  0.472511
6693 0.540794 0.141948  0.317258
7605 0.268517 0.403795  0.327688
8495 0.473759 0.442076  0.0841649
4661 0.0252746 0.464185  0.51054
773 0.586641 0.326983  0.0863755
625 0.36233 0.330121  0.307549
104 0.31008 0.238845  0.451075
3025 0.264652 0.0457836  0.689565
4926 0.307502 0.138703  0.553795
6741 0.581454 0.12604  0.292506
6740 0.232914 0.237484  0.529602
766 0.290555 0.483664  0.225781
4455 0.148429 0.447779  0.403792
7313 0.549665 0.396392  0.0539431
2439 0.237962 0.377825  0.384214
2427 0.198388 0.248858  0.552755
467 0.417172 0.187814  0.395014
6589 0.712077 0.153272  0.134651
7739 0.113611 0.406427  0.479962
7443 0.09274 0.467389  0.439871
2101 0.193294 0.0530531  0.753653
5063 0.0519988 0.491854  0.456148
2984 0.0853451 0.727664  0.186991
1409 0.0735838 0.450907  0.475509
4583 0.397897 0.139403  0.4627
3510 0.386809 0.243377  0.369814
4961 0.393713 0.287135  0.319152
764 0.42086 0.243311  0.335829
4043 0.336276 0.167111  0.496613
4695 0.610007 0.294009  0.0959838
1641 0.231055 0.198894  0.570051
4925 0.298384 0.505517  0.196098
3074 0.223242 0.558453  0.218305
4590 0.368334 0.527453  0.104213
7146 0.33012 0.241192  0.428688
7372 0.348822 0.310332  0.340845
7413 0.132166 0.651513  0.216321
4532 0.0696425 0.500627  0.429731
8042 0.474162 0.160719  0.365119
4682 0.385667 0.419306  0.195027
6422 0.410678 0.103503  0.48582
7318 0.322209 0.28082  0.396972
6494 0.141344 0.363479  0.495178
7465 0.46775 0.360644  0.171606
7752 0.329961 0.399386  0.270654
8278 0.274614 0.458074  0.267312
8474 0.28028 0.42126  0.29846
4540 0.336251 0.347468  0.316281
7218 0.0829861 0.398706  0.518308
1233 0.569396 0.0646298  0.365974
130 0.156659 0.0305347  0.812807
802 0.261937 0.329684  0.40838
7537 0.257687 0.0993248  0.642988
3526 0.302041 0.550294  0.147665
3521 0.0748778 0.508651  0.416471
225 0.357082 0.565022  0.0778961
4567 0.41102 0.420204  0.168776
1473 0.281508 0.330111  0.388381
6362 0.531564 0.460544  0.00789194
4918 0.0262031 0.397518  0.576279
1567 0.311927 0.413447  0.274626
3052 0.348031 0.34349  0.308479
4024 0.120174 0.459811  0.420015
4781 0.314957 0.376809  0.308234
1831 0.314077 0.662949  0.0229735
4981 0.448798 0.374913  0.176289
1565 0.400839 0.0971672  0.501994
5072 0.556669 0.0278752  0.415456
8153 0.425844 0.375648  0.198508
4454 0.27235 0.487354  0.240296
4453 0.292514 0.345143  0.362343
7540 0.303667 0.52304  0.173293
6036 0.55859 0.323554  0.117857
5830 0.5095 0.105229  0.385271
8354 0.470262 0.358997  0.170741
6883 0.233074 0.0287837  0.738143
4440 0.511834 0.29574  0.192426
734 0.558992 0.40891  0.0320977
5740 0.202762 0.0536466  0.743591
4952 0.715412 0.106091  0.178497
6098 0.804386 0.139389  0.0562245
6298 0.129747 0.502307  0.367946
4910 0.361898 0.0830168  0.555085
7443 0.381646 0.00825144  0.610103
3560 0.522661 0.109135  0.368204
6454 0.400033 0.517739  0.0822286
6855 0.435294 0.535949  0.0287564
36 0.249082 0.309817  0.441101
3768 0.322922 0.538954  0.138124
3680 0.205686 0.510106  0.284208
6222 0.265073 0.275911  0.459016
6889 0.433347 0.409205  0.157448
3087 0.406173 0.0721742  0.521653
8477 0.779867 0.125928  0.0942046
4468 0.362756 0.322264  0.31498
7351 0.317181 0.364245  0.318574
7806 0.350672 0.149115  0.500213
7357 0.328392 0.160032  0.511577
562 0.131369 0.754355  0.114276
3999 0.0164176 0.567689  0.415894
3874 0.381732 0.368489  0.249779
4036 0.600936 0.135004  0.26406
1376 0.271704 0.415973  0.312322
5722 0.368918 0.180827  0.450254
258 0.264505 0.274972  0.460523
5785 0.22534 0.491803  0.282857
4739 0.707531 0.195534  0.0969348
3073 0.12429 0.517072  0.358638
3578 0.48717 0.25302  0.25981
3371 0.0694887 0.158001  0.772511
7367 0.441387 0.50344  0.0551726
6870 0.381071 0.308325  0.310604
1354 0.33542 0.355976  0.308604
5034 0.341943 0.267383  0.390674
3482 0.431798 0.121357  0.446845
4933 0.246962 0.529217  0.22382
1976 0.0302973 0.581299  0.388404
7226 0.183291 0.405216  0.411493
8337 0.385541 0.282979  0.33148
1958 0.569285 0.326605  0.10411
4201 0.106568 0.33319  0.560242
1063 0.0778274 0.342366  0.579807
954 0.228434 0.344611  0.426955
3772 0.525882 0.262815  0.211303
6895 0.379042 0.411413  0.209545
7510 0.286961 0.304712  0.408327
5551 0.540431 0.209857  0.249712
229 0.206491 0.100587  0.692922
4973 0.359103 0.195994  0.444904
7428 0.489653 0.0242222  0.486125
281 0.785595 0.0791647  0.135241
5037 0.403198 0.214849  0.381953
6680 0.516823 0.084529  0.398648
3691 0.254386 0.512217  0.233396
5762 0.0956657 0.581511  0.322823
4588 0.320337 0.532046  0.147617
3812 0.162776 0.790233  0.0469915
5790 0.271206 0.335799  0.392995
4547 0.0374828 0.863764  0.0987537
4157 0.295073 0.220971  0.483956
4691 0.143564 0.413784  0.442652
3100 0.348524 0.245003  0.406473
8049 0.29378 0.601183  0.105036
6059 0.480291 0.201037  0.318672
7273 0.208309 0.513108  0.278583
7355 0.136474 0.316821  0.546705
6192 0.262783 0.522037  0.21518
6706 0.391409 0.320209  0.288382
4609 0.430195 0.152252  0.417553
7750 0.306954 0.655173  0.0378727
1445 0.0551029 0.260744  0.684153
4793 0.113753 0.412782  0.473465
1571 0.172316 0.679223  0.148461
6910 0.273006 0.0731053  0.653889
5399 0.301999 0.329432  0.368569
5894 0.307686 0.214016  0.478298
4589 0.536595 0.0776347  0.385771
3192 0.467512 0.100566  0.431922
8218 0.256082 0.258681  0.485237
4713 0.447333 0.0352463  0.51742
7745 0.365652 0.429858  0.20449
6627 0.32184 0.0656725  0.612487
2318 0.465992 0.223456  0.310552
7434 0.468574 0.0686687  0.462757
2677 0.369408 0.383988  0.246604
3266 0.336329 0.451727  0.211944
934 0.402376 0.229857  0.367767
7455 0.0247649 0.100811  0.874424
8290 0.174888 0.364867  0.460245
1865 0.494456 0.475232  0.0303118
7490 0.433878 0.249884  0.316238
7134 0.221201 0.452054  0.326745
241 0.295458 0.597801  0.106741
4576 0.400453 0.332981  0.266566
4 0.0547565 0.799322  0.145921
7626 0.304258 0.593696  0.102046
1895 0.242866 0.076308  0.680826
4043 0.114079 0.162501  0.72342
4619 0.230657 0.567509  0.201833
1074 0.314477 0.285028  0.400495
7273 0.337423 0.19884  0.463737
247 0.230992 0.306405  0.462604
7638 0.0489735 0.500779  0.450248
6448 0.318023 0.220405  0.461571
4448 0.472246 0.218158  0.309596
7946 0.369956 0.521101  0.108943
6720 0.228536 0.184538  0.586926
7048 0.584425 0.384541  0.0310337
7642 0.0549101 0.686977  0.258113
281 0.242817 0.31314  0.444043
7457 0.0470025 0.8256  0.127397
5580 0.389533 0.192425  0.418042
263 0.110274 0.471133  0.418593
2643 0.248764 0.401085  0.35015
1238 0.485183 0.268826  0.245991
1255 0.173093 0.558314  0.268593
4712 0.229895 0.475226  0.294879
4547 0.469402 0.461653  0.0689449
870 0.263483 0.347931  0.388585
4479 0.583482 0.170998  0.24552
6643 0.588902 0.02876  0.382338
8350 0.112667 0.59854  0.288793
5846 0.14876 0.537098  0.314142
702 0.299083 0.180547  0.52037
272 0.258999 0.469244  0.271757
2343 0.338399 0.175581  0.48602
3342 0.27567 0.414571  0.309759
1564 0.486444 0.0432753  0.470281
6718 0.53339 0.14009  0.32652
5971 0.272264 0.333543  0.394193
6449 0.0629904 0.63064  0.30637
529 0.335593 0.508497  0.15591
6622 0.238509 0.4367  0.324791
7775 0.345613 0.132941  0.521446
1539 0.443674 0.444553  0.111773
6636 0.0253435 0.69454  0.280116
7348 0.712041 0.0573387  0.23062
69 0.298527 0.384555  0.316919
5080 0.720197 0.214709  0.0650938
8335 0.323833 0.428272  0.247895
8567 0.259577 0.38806  0.352363
4969 0.438866 0.36281  0.198324
8262 0.31798 0.53324  0.148779
724 0.273463 0.360201  0.366336
1517 0.322574 0.63452  0.0429062
1763 0.170309 0.169052  0.66064
1754 0.354734 0.354497  0.290769
1715 0.451644 0.258522  0.289835
856 0.330001 0.272165  0.397834
4695 0.410882 0.0476559  0.541462
4029 0.406974 0.20951  0.383516
1590 0.238795 0.474834  0.286371
7358 0.356737 0.400391  0.242872
7318 0.728929 0.227399  0.0436721
1577 0.0710238 0.525906  0.40307
2320 0.397904 0.504346  0.0977491
4500 0.142422 0.501486  0.356092
4688 0.272511 0.264791  0.462698
3495 0.382489 0.133339  0.484172
6318 0.288642 0.440519  0.27084
1505 0.367193 0.194011  0.438797
5211 0.0405452 0.456714  0.502741
3760 0.232042 0.473997  0.293962
6793 0.0754279 0.56253  0.362042
1869 0.204472 0.521098  0.27443
4933 0.134938 0.367206  0.497856
8407 0.224503 0.406836  0.368661
1386 0.371813 0.328497  0.299691
7049 0.269955 0.463175  0.26687
1792 0.433617 0.113009  0.453374
7240 0.411633 0.308987  0.27938
8481 0.165726 0.297768  0.536506
7500 0.42679 0.34458  0.228631
3791 0.180786 0.0870483  0.732166
8554 0.114767 0.413627  0.471606
888 0.323709 0.571367  0.104924
4480 0.060125 0.42319  0.516685
5004 0.289158 0.312531  0.398311
7526 0.415337 0.396705  0.187958
7097 0.387301 0.113365  0.499334
4932 0.334053 0.320904  0.345043
8345 0.174121 0.121765  0.704113
6194 0.407558 0.276454  0.315989
6736 0.459497 0.189829  0.350674
4908 0.318296 0.395411  0.286293
1540 0.112588 0.480736  0.406676
1527 0.443556 0.415341  0.141103
7363 0.109982 0.741987  0.148031
6556 0.484546 0.488102  0.0273519
5037 0.0728197 0.809658  0.117522
4142 0.420655 0.319507  0.259839
3638 0.0216627 0.512412  0.465926
5529 0.401937 0.351359  0.246704
1147 0.27173 0.318431  0.409838
1631 0.579914 0.0848959  0.33519
4725 0.631061 0.359327  0.00961198
4940 0.322265 0.221055  0.45668
3619 0.419287 0.330198  0.250514
1895 0.626071 0.108116  0.265813
2565 0.334864 0.256989  0.408147
1537 0.213913 0.29645  0.489637
692 0.291617 0.44558  0.262802
763 0.351093 0.579758  0.069149
1767 0.01287 0.616594  0.370536
4979 0.214942 0.522018  0.26304
758 0.285386 0.367353  0.347261
4548 0.542581 0.283358  0.174061
7372 0.524142 0.0603134  0.415545
6234 0.321649 0.497234  0.181117
8030 0.631001 0.0782906  0.290709
1721 0.379007 0.402024  0.21897
7459 0.256966 0.388374  0.35466
900 0.338454 0.564163  0.0973834
4671 0.390274 0.180864  0.428862
4596 0.491811 0.180602  0.327587
6152 0.259114 0.0479468  0.692939
1209 0.444432 0.167905  0.387663
4123 0.556021 0.0743995  0.369579
4138 0.0427219 0.786787  0.170491
1504 0.284097 0.4954  0.220503
6825 0.153973 0.742048  0.103979
7468 0.371517 0.147479  0.481004
5449 0.441073 0.304675  0.254252
332 0.193869 0.0941816  0.71195
4025 0.281683 0.316593  0.401724
2342 0.259383 0.507114  0.233503
4673 0.117503 0.770663  0.111834
892 0.432415 0.413796  0.153789
710 0.115844 0.111651  0.772505
3713 0.219838 0.239695  0.540467
4111 0.303577 0.198903  0.49752
4650 0.444868 0.291128  0.264004
1734 0.461443 0.186022  0.352535
4883 0.455145 0.166165  0.378691
2330 0.514809 0.2929  0.192292
252 0.337233 0.392879  0.269889
8318 0.592862 0.0959813  0.311157
8360 0.420416 0.40025  0.179334
3933 0.414089 0.336434  0.249477
4750 0.0244853 0.257688  0.717826
1824 0.392171 0.0296048  0.578224
6088 0.27275 0.619947  0.107303
5678 0.399242 0.201209  0.399549
8496 0.266752 0.651653  0.0815955
3704 0.181661 0.279869  0.53847
8108 0.410455 0.228167  0.361378
6571 0.533043 0.124939  0.342019
7105 0.0979168 0.700418  0.201665
4071 0.159484 0.678203  0.162313
8179 0.0754849 0.0621209  0.862394
4930 0.0985753 0.4887  0.412724
6784 0.184841 0.292429  0.52273
4758 0.316109 0.264826  0.419065
7017 0.2451 0.72848  0.0264203
4766 0.33957 0.240287  0.420143
8498 0.319239 0.311939  0.368822
4694 0.471263 0.321252  0.207486
4716 0.334651 0.324193  0.341156
7470 0.0682393 0.456252  0.475508
8118 0.283513 0.295847  0.42064
7660 0.651874 0.0806666  0.267459
6483 0.208712 0.218204  0.573084
4466 0.483509 0.0284275  0.488063
4906 0.0612433 0.447473  0.491283
1034 0.394257 0.343852  0.261892
4466 0.142776 0.531696  0.325528
7323 0.421779 0.523701  0.0545205
982 0.280501 0.175409  0.54409
4389 0.490788 0.249206  0.260006
1066 0.39015 0.257591  0.352259
1791 0.453797 0.156433  0.38977
7524 0.16958 0.291193  0.539228
5363 0.505562 0.0485131  0.445925
1874 0.271618 0.636295  0.0920873
7511 0.478186 0.133622  0.388192
5064 0.269564 0.418485  0.311951
1596 0.243434 0.263994  0.492572
8232 0.38122 0.415511  0.203269
7125 0.596156 0.122186  0.281658
3571 0.384337 0.323328  0.292334
6140 0.215458 0.515548  0.268994
6800 0.190889 0.660432  0.14868
8357 0.435386 0.477995  0.086619
4665 0.475772 0.407744  0.116485
8277 0.31014 0.40283  0.28703
2567 0.586593 0.360091  0.0533163
7527 0.46779 0.320855  0.211355
8231 0.265712 0.35191  0.382377
6548 0.690544 0.168107  0.141349
1506 0.0700737 0.565014  0.364913
144 0.569572 0.0987372  0.331691
4685 0.0493327 0.488119  0.462548
7373 0.0590387 0.32684  0.614122
7224 0.177308 0.435123  0.387569
4587 0.0738889 0.525385  0.400726
7512 0.313906 0.440238  0.245856
8337 0.213806 0.378791  0.407402
4784 0.426652 0.295692  0.277655
7459 0.690623 0.154208  0.155169
5942 0.349789 0.160221  0.489991
4957 0.213916 0.290591  0.495493
5432 0.255679 0.703956  0.0403656
4969 0.309562 0.393633  0.296806
3570 0.347846 0.546967  0.105187
4641 0.107805 0.20841  0.683784
4665 0.24081 0.511009  0.24818
5080 0.450709 0.173852  0.375439
1567 0.361234 0.132825  0.505941
4664 0.29019 0.638295  0.0715149
132 0.563616 0.298503  0.137881
191 0.516263 0.0217693  0.461967
4055 0.432963 0.32972  0.237316
4725 0.380697 0.45068  0.168623
3720 0.305599 0.353262  0.341139
4516 0.381854 0.410565  0.207581
8281 0.0605948 0.747092  0.192313
6545 0.600573 0.03252  0.366907
178 0.319922 0.155161  0.524916
4780 0.284853 0.398325  0.316822
4930 0.323214 0.254169  0.422617
1756 0.428365 0.220797  0.350838
4648 0.303985 0.149849  0.546166
4902 0.421519 0.452229  0.126252
4127 0.473154 0.520729  0.00611724
254 0.378006 0.181427  0.440567
4770 0.236972 0.704516  0.0585124
4991 0.156381 0.504565  0.339055
6858 0.795556 0.0451877  0.159256
4734 0.645078 0.0220538  0.332869
412 0.508777 0.30025  0.190974
7147 0.335128 0.374587  0.290285
6503 0.111526 0.409732  0.478742
2259 0.061174 0.341585  0.597241
292 0.212737 0.500976  0.286287
8189 0.327624 0.442595  0.229781
2108 0.390215 0.280795  0.328991
1774 0.298728 0.48652  0.214752
8281 0.208505 0.390416  0.401079
2931 0.0721142 0.582007  0.345879
5828 0.564032 0.137019  0.298949
7794 0.470468 0.142827  0.386705
7301 0.205594 0.47409  0.320316
6691 0.114168 0.63605  0.249783
903 0.0936474 0.310431  0.595922
4638 0.774131 0.0203682  0.2055
3772 0.147707 0.344529  0.507763
7708 0.553352 0.0762349  0.370413
6901 0.300514 0.211368  0.488118
7577 0.368011 0.365225  0.266764
6762 0.356726 0.328573  0.314701
1012 0.092428 0.590595  0.316977
4849 0.288359 0.650326  0.0613146
3680 0.586991 0.29362  0.119389
623 0.529144 0.025733  0.445123
6723 0.494804 0.0748145  0.430381
7572 0.219974 0.655484  0.124543
7528 0.50097 0.181856  0.317174
6481 0.137268 0.715612  0.14712
6448 0.543204 0.0794987  0.377298
6336 0.474403 0.411451  0.114146
7380 0.493978 0.230978  0.275044
7066 0.157234 0.392359  0.450408
951 0.627517 0.241386  0.131097
4460 0.521887 0.37095  0.107163
706 0.41442 0.538201  0.0473796
4884 0.544661 0.0102222  0.445117
4975 0.151918 0.394163  0.453919
3180 0.437589 0.148996  0.413415
7484 0.459909 0.355048  0.185043
1457 0.129441 0.0445623  0.825996
7638 0.169335 0.315246  0.515419
5124 0.3388 0.374683  0.286517
6991 0.397437 0.30152  0.301043
4738 0.219197 0.419181  0.361621
7382 0.62163 0.144667  0.233704
7765 0.0857326 0.248178  0.666089
7748 0.274598 0.344681  0.380721
5163 0.47144 0.362578  0.165983
4051 0.453587 0.440392  0.106021
5905 0.28422 0.659441  0.0563386
7522 0.664179 0.306603  0.0292174
4470 0.413844 0.327687  0.258468
7481 0.141677 0.626871  0.231451
691 0.504808 0.265421  0.229771
4705 0.272284 0.36582  0.361896
763 0.465856 0.212726  0.321418
2899 0.422158 0.0496532  0.528189
153 0.498324 0.365545  0.136131
6517 0.615647 0.214294  0.170059
1866 0.274426 0.467998  0.257576
1778 0.400487 0.0670303  0.532483
6369 0.0832929 0.433943  0.482764
1792 0.714176 0.0456782  0.240146
4236 0.433243 0.193294  0.373463
2339 0.480728 0.0903294  0.428943
3644 0.30944 0.318403  0.372157
4024 0.566568 0.092039  0.341393
3089 0.427786 0.0677848  0.504429
1484 0.31511 0.358393  0.326496
6529 0.479867 0.240968  0.279164
7378 0.140268 0.274183  0.585549
6560 0.384775 0.208209  0.407016
7373 0.441746 0.452747  0.105506
5301 0.410886 0.088333  0.500781
5008 0.397115 0.257525  0.345359
763 0.27938 0.339448  0.381172
6137 0.689132 0.296064  0.0148042
8058 0.361295 0.593338  0.0453666
7203 0.163154 0.256533  0.580313
4685 0.167414 0.612072  0.220514
5936 0.323178 0.426644  0.250178
120 0.243414 0.100214  0.656372
1111 0.464271 0.372635  0.163094
5964 0.170146 0.655367  0.174488
4307 0.39191 0.238066  0.370025
8436 0.0138728 0.490061  0.496066
7319 0.476379 0.321109  0.202512
4986 0.102474 0.810176  0.0873497
774 0.17831 0.457367  0.364322
7756 0.180067 0.0358306  0.784103
4996 0.261706 0.354578  0.383716
4041 0.408345 0.249766  0.341889
7522 0.724342 0.117338  0.158319
4747 0.0197691 0.828377  0.151853
8181 0.322281 0.447124  0.230594
7466 0.40692 0.405522  0.187558
3116 0.365977 0.213372  0.420651
6195 0.0603742 0.640296  0.29933
7757 0.391467 0.334948  0.273584
5081 0.585255 0.188637  0.226108
5904 0.0758651 0.204588  0.719547
4902 0.349493 0.37731  0.273196
6141 0.35535 0.0203782  0.624272
7547 0.5442 0.208497  0.247304
4762 0.0639608 0.500145  0.435895
4647 0.470044 0.0625513  0.467405
1451 0.0421622 0.396476  0.561362
4703 0.528658 0.0380979  0.433244
7441 0.138981 0.396586  0.464433
1554 0.0520516 0.906314  0.0416349
3779 0.132966 0.503674  0.36336
2022 0.339854 0.183957  0.476189
369 0.338967 0.0392499  0.621783
8383 0.310499 0.425163  0.264338
7523 0.341272 0.417182  0.241546
7514 0.329407 0.395518  0.275076
4778 0.219464 0.276094  0.504443
1320 0.372404 0.229703  0.397893
8278 0.400303 0.349148  0.250549
6820 0.36165 0.542725  0.0956251
1370 0.350336 0.00775423  0.64191
1327 0.0352129 0.428908  0.535879
948 0.513615 0.350544  0.135842
1550 0.369641 0.525596  0.104763
4838 0.201491 0.672148  0.126361
8261 0.45977 0.321489  0.218741
608 0.366338 0.0823998  0.551262
4649 0.386541 0.331967  0.281492
7016 0.468147 0.467106  0.0647467
5121 0.115312 0.21096  0.673728
6146 0.569998 0.181939  0.248063
3708 0.0596419 0.670861  0.269497
1042 0.352153 0.442103  0.205745
8361 0.300186 0.236579  0.463235
7746 0.870385 0.120004  0.00961064
5864 0.172049 0.357197  0.470754
3776 0.425679 0.20681  0.367511
4772 0.196764 0.387618  0.415618
812 0.311835 0.363461  0.324705
624 0.328899 0.272002  0.399099
7715 0.195905 0.7401  0.0639954
7166 0.261706 0.311329  0.426965
760 0.0686966 0.560942  0.370362
1512 0.335346 0.21243  0.452224
2152 0.390896 0.336939  0.272166
7438 0.560408 0.385816  0.0537763
405 0.0670819 0.587688  0.34523
6129 0.121443 0.480765  0.397793
8159 0.351295 0.0484915  0.600213
4993 0.152408 0.404247  0.443344
46 0.545581 0.419686  0.034733
1675 0.0569564 0.0357017  0.907342
1476 0.227262 0.469702  0.303036
7472 0.38343 0.0527469  0.563823
1574 0.611034 0.303182  0.0857841
4794 0.331374 0.35678  0.311846
8044 0.240311 0.42003  0.339659
1528 0.426127 0.28017  0.293703
735 0.4234 0.119599  0.457002
4091 0.067745 0.543738  0.388517
4567 0.332375 0.0372592  0.630366
4785 0.438851 0.260218  0.300931
5363 0.33811 0.462517  0.199373
1569 0.309343 0.227115  0.463541
4146 0.276008 0.253158  0.470834
4960 0.313648 0.224262  0.462091
7273 0.31067 0.450424  0.238906
644 0.487811 0.336658  0.175531
4022 0.269761 0.0205654  0.709673
7657 0.37909 0.0479009  0.573009
7173 0.16895 0.376653  0.454397
6394 0.46227 0.0926815  0.445049
1821 0.712442 0.235214  0.0523439
4348 0.0823794 0.640752  0.276869
3509 0.247055 0.379362  0.373583
8363 0.319474 0.237252  0.443273
368 0.37586 0.420232  0.203908
1715 0.650434 0.0382881  0.311278
7558 0.425391 0.123235  0.451374
573 0.388519 0.427705  0.183777
1331 0.256378 0.369448  0.374174
8263 0.438543 0.111504  0.449953
594 0.045021 0.579474  0.375505
2572 0.110951 0.353295  0.535753
4494 0.21038 0.401727  0.387893
2166 0.462472 0.1842  0.353328
7277 0.339785 0.30736  0.352856
6180 0.424514 0.111  0.464486
4700 0.0902904 0.458502  0.451208
7466 0.281907 0.517927  0.200166
7502 0.106498 0.314742  0.57876
6820 0.331563 0.422214  0.246223
1123 0.247487 0.351953  0.40056
4058 0.339549 0.316516  0.343934
4761 0.25685 0.372676  0.370474
7229 0.237313 0.429561  0.333126
8493 0.029463 0.340843  0.629694
4942 0.788384 0.20063  0.0109862
617 0.117767 0.325773  0.556461
4912 0.384975 0.0362361  0.578789
813 0.137206 0.244583  0.618211
7333 0.0548302 0.402367  0.542803
286 0.506392 0.0309741  0.462633
1636 0.520929 0.243055  0.236016
6387 0.268488 0.314506  0.417006
4611 0.0551516 0.379602  0.565246
940 0.471444 0.325568  0.202987
1017 0.275246 0.312325  0.412429
1576 0.313731 0.27672  0.409549
3750 0.288709 0.250297  0.460994
7482 0.372686 0.382673  0.24464
7003 0.233916 0.453602  0.312482
183 0.239457 0.311814  0.448729
6524 0.464252 0.254778  0.28097
1609 0.634697 0.258511  0.106792
2631 0.0815125 0.883473  0.0350145
5792 0.369177 0.203915  0.426908
5860 0.248327 0.245875  0.505798
7427 0.0741761 0.695035  0.230789
3492 0.47481 0.512908  0.0122819
500 0.416892 0.571153  0.011955
6009 0.0562276 0.506011  0.437761
4021 0.294208 0.419206  0.286586
8466 0.0856821 0.591087  0.323231
4027 0.539933 0.351159  0.108908
7674 0.516276 0.382296  0.101428
6536 0.228673 0.217304  0.554023
2210 0.493853 0.301614  0.204533
7024 0.443893 0.101349  0.454758
1541 0.0268274 0.690865  0.282308
6855 0.0690419 0.54016  0.390799
1537 0.547817 0.373207  0.0789765
2358 0.593168 0.148661  0.25817
7507 0.439626 0.356995  0.203378
8284 0.420581 0.19376  0.385659
4753 0.49653 0.425842  0.0776281
4969 0.244005 0.454504  0.301491
3974 0.281022 0.267993  0.450985
8562 0.490599 0.377647  0.131754
7515 0.188139 0.512025  0.299836
371 0.344279 0.381994  0.273727
4806 0.0662203 0.215684  0.718095
3951 0.479066 0.30901  0.211924
4681 0.402497 0.43171  0.165793
7458 0.295703 0.419475  0.284823
3948 0.517403 0.024033  0.458564
884 0.739985 0.113798  0.146217
7270 0.360673 0.381508  0.257818
4954 0.750634 0.0262193  0.223146
8308 0.552667 0.0964686  0.350864
7311 0.333887 0.0194818  0.646631
8337 0.265998 0.390077  0.343925
6480 0.487621 0.254535  0.257844
4022 0.60456 0.113524  0.281916
4534 0.354352 0.36687  0.278778
1593 0.173637 0.355703  0.47066
4047 0.484061 0.184795  0.331144
7504 0.562266 0.0753444  0.36239
7512 0.336194 0.481535  0.182271
1795 0.351379 0.206743  0.441879
7051 0.235699 0.0172358  0.747065
7380 0.262842 0.427079  0.310079
8130 0.451701 0.361526  0.186774
7498 0.468493 0.14566  0.385847
5578 0.719562 0.16057  0.119868
3504 0.667747 0.181169  0.151084
6475 0.279021 0.393124  0.327856
877 0.168961 0.555427  0.275613
2304 0.349766 0.286743  0.363491
7495 0.0366075 0.570661  0.392732
7278 0.2908 0.466712  0.242489
7481 0.160318 0.499387  0.340295
4745 0.106563 0.567606  0.32583
1729 0.346204 0.283866  0.36993
4912 0.400714 0.478412  0.120874
1860 0.510771 0.272146  0.217082
7860 0.40481 0.476049  0.119142
7463 0.39799 0.297403  0.304607
8342 0.287362 0.652371  0.0602675
182 0.42569 0.457306  0.117004
7806 0.357266 0.332508  0.310226
7528 0.376299 0.407354  0.216348
5987 0.396696 0.232016  0.371288
3331 0.0743978 0.32585  0.599752
4909 0.631085 0.214751  0.154165
2470 0.197691 0.324525  0.477784
4770 0.342875 0.349847  0.307278
2319 0.249274 0.083076  0.66765
6125 0.0677168 0.385003  0.54728
4606 0.287448 0.465728  0.246825
7305 0.37495 0.301714  0.323336
3562 0.487749 0.44868  0.0635715
105 0.477631 0.47898  0.0433886
4703 0.400806 0.517901  0.0812937
5721 0.276901 0.15603  0.567069
7312 0.418719 0.503314  0.0779669
7355 0.332886 0.405664  0.26145
3532 0.414245 0.48359  0.102165
1737 0.421483 0.129666  0.448851
724 0.0911898 0.235007  0.673803
8326 0.486771 0.234791  0.278438
2959 0.172531 0.48795  0.339519
3814 0.355089 0.481482  0.163429
1525 0.708204 0.0464668  0.245329
6560 0.103405 0.773638  0.122957
3315 0.0500711 0.691133  0.258796
768 0.506046 0.0315022  0.462452
4689 0.455577 0.441487  0.102936
4479 0.41454 0.103932  0.481528
6854 0.475011 0.227489  0.2975
2513 0.640151 0.310754  0.0490954
7735 0.280164 0.356864  0.362971
1067 0.421256 0.489044  0.0896999
1322 0.0544039 0.608052  0.337544
4922 0.0883303 0.578092  0.333578
2907 0.190575 0.405962  0.403463
4707 0.272546 0.145487  0.581967
2907 0.187295 0.707161  0.105544
4930 0.222909 0.664675  0.112416
2882 0.627942 0.181693  0.190365
7657 0.493133 0.111756  0.395111
4681 0.412678 0.136671  0.45065
1839 0.701203 0.246751  0.0520455
3592 0.0375657 0.834108  0.128326
2152 0.459431 0.453802  0.086767
8235 0.203723 0.408805  0.387472
4038 0.516945 0.298326  0.184729
5444 0.0477836 0.19478  0.757436
8332 0.503444 0.227333  0.269223
2921 0.387256 0.215221  0.397523
260 0.219234 0.504647  0.276119
5281 0.682312 0.154874  0.162813
6685 0.0678128 0.606707  0.32548
7254 0.317517 0.468784  0.213698
3873 0.274188 0.392787  0.333025
6123 0.442841 0.199695  0.357464
7318 0.6746 0.0180354  0.307365
4933 0.423284 0.388916  0.1878
7757 0.40624 0.314208  0.279552
6051 0.451913 0.179564  0.368523
1128 0.382059 0.266246  0.351696
4974 0.551288 0.311195  0.137517
3948 0.0797511 0.383167  0.537082
4972 0.353756 0.488116  0.158128
133 0.433014 0.207698  0.359288
7365 0.447228 0.34258  0.210191
6088 0.529115 0.355536  0.11535
4779 0.314477 0.389618  0.295905
156 0.36995 0.273787  0.356263
4423 0.32903 0.527121  0.143849
6249 0.270022 0.294572  0.435406
7062 0.55806 0.125057  0.316883
5982 0.278446 0.439215  0.282339
6314 0.609492 0.344625  0.0458832
4785 0.0241228 0.73295  0.242928
4717 0.683852 0.198542  0.117606
6667 0.018988 0.366957  0.614055
630 0.449628 0.283234  0.267138
1661 0.0488843 0.463316  0.487799
6544 0.777555 0.125494  0.0969511
5883 0.376198 0.356802  0.267
541 0.192547 0.446806  0.360647
1404 0.0217613 0.727936  0.250302
1526 0.442526 0.183577  0.373897
7847 0.329452 0.456761  0.213787
7230 0.590717 0.192539  0.216744
812 0.582461 0.0663521  0.351187
3762 0.0642903 0.305185  0.630525
6933 0.36002 0.571089  0.0688903
7274 0.662691 0.118586  0.218723
916 0.546531 0.103914  0.349555
1755 0.0455489 0.404106  0.550345
1755 0.486182 0.45595  0.0578677
881 0.145572 0.477496  0.376931
4939 0.0772244 0.700743  0.222033
4768 0.173711 0.81242  0.0138694
6990 0.632586 0.261688  0.105726
6237 0.055259 0.0334262  0.911315
7747 0.624928 0.250613  0.124458
6080 0.242492 0.10955  0.647958
7782 0.582019 0.0576653  0.360316
8339 0.542534 0.24622  0.211246
196 0.317742 0.597374  0.0848838
8356 0.233948 0.393506  0.372546
2355 0.403429 0.0347564  0.561815
8467 0.106483 0.387466  0.506051
5268 0.505903 0.343541  0.150555
7501 0.14472 0.352268  0.503012
356 0.231927 0.378537  0.389536
243 0.652351 0.328868  0.0187814
2593 0.150031 0.293077  0.556892
4726 0.340469 0.269032  0.3905
4762 0.378264 0.330227  0.291509
3618 0.606278 0.337999  0.0557232
5807 0.341217 0.161803  0.49698
6888 0.126059 0.538812  0.335129
2672 0.0379152 0.444065  0.51802
347 0.0799035 0.262462  0.657634
1845 0.315778 0.34265  0.341572
4881 0.394004 0.325446  0.280551
1233 0.315794 0.429327  0.254879
1467 0.54046 0.0691304  0.390409
4794 0.0683725 0.477329  0.454298
8 0.406733 0.25895  0.334316
734 0.780271 0.148568  0.0711613
4926 0.283572 0.446489  0.269938
6319 0.643263 0.186331  0.170407
7820 0.352475 0.0159973  0.631528
4804 0.491358 0.0988264  0.409816
3938 0.0454013 0.675988  0.278611
7296 0.0157432 0.96353  0.020727
4625 0.668408 0.0239857  0.307606
1721 0.554885 0.319195  0.12592
7395 0.324071 0.465075  0.210853
4681 0.131442 0.34108  0.527478
1513 0.33689 0.3516  0.31151
4589 0.389092 0.497694  0.113214
7386 0.388087 0.500364  0.111549
5031 0.199227 0.444531  0.356242
4596 0.388305 0.100579  0.511116
7448 0.174831 0.373384  0.451784
6539 0.438224 0.0383902  0.523386
6910 0.325546 0.112119  0.562335
7003 0.272041 0.59562  0.132339
1765 0.275684 0.342776  0.38154
7376 0.290304 0.322786  0.38691
5177 0.388799 0.357495  0.253705
2601 0.515656 0.193918  0.290425
4454 0.882656 0.0745598  0.0427839
662 0.575541 0.0253635  0.399095
5174 0.692782 0.234264  0.0729538
1810 0.367897 0.359415  0.272688
7490 0.405173 0.363628  0.231199
4052 0.591317 0.304747  0.103935
7149 0.255322 0.390962  0.353716
4992 0.221366 0.518349  0.260284
879 0.298842 0.272188  0.428971
125 0.165946 0.321782  0.512272
7814 0.326838 0.464116  0.209045
7955 0.377649 0.11354  0.508811
3708 0.405874 0.304455  0.289671
6690 0.211996 0.0521486  0.735856
1514 0.352006 0.257282  0.390712
2006 0.457499 0.323522  0.218979
6600 0.200994 0.645061  0.153945
6265 0.0548389 0.157059  0.788102
4949 0.584217 0.36378  0.0520036
7322 0.548412 0.0462835  0.405305
3509 0.568064 0.163329  0.268607
4045 0.303992 0.467781  0.228227
5702 0.457447 0.202425  0.340129
5766 0.405954 0.0811959  0.51285
5829 0.274391 0.311676  0.413933
7758 0.7859 0.183539  0.0305616
5080 0.728064 0.0313872  0.240549
7375 0.046499 0.797774  0.155727
421 0.312807 0.392079  0.295114
4957 0.499389 0.120166  0.380446
7396 0.380009 0.217376  0.402615
6507 0.192724 0.375947  0.431329
7771 0.167945 0.490239  0.341816
3952 0.0487811 0.513814  0.437405
391 0.330143 0.434563  0.235294
2631 0.250952 0.366544  0.382505
616 0.689276 0.022272  0.288452
1721 0.543047 0.290713  0.16624
7243 0.115481 0.378438  0.50608
4610 0.264661 0.589588  0.145751
4039 0.122422 0.51651  0.361068
4925 0.236724 0.401892  0.361384
5768 0.88707 0.0612702  0.0516603
7912 0.41719 0.290629  0.292181
7263 0.533718 0.102041  0.364241
819 0.40477 0.247608  0.347622
7858 0.479813 0.302517  0.21767
218 0.370886 0.607925  0.0211887
725 0.332365 0.386347  0.281288
4231 0.656083 0.108449  0.235468
738 0.567311 0.167547  0.265143
229 0.175491 0.614595  0.209915
7799 0.0608649 0.512001  0.427134
7740 0.21439 0.166041  0.619569
6583 0.415422 0.129882  0.454696
4040 0.479206 0.147003  0.373791
5273 0.462138 0.386095  0.151767
5808 0.400507 0.0207266  0.578767
2734 0.618089 0.213461  0.16845
7859 0.552388 0.135134  0.312478
7465 0.423968 0.449863  0.126169
2553 0.226351 0.243343  0.530306
5233 0.386061 0.285195  0.328744
4810 0.425106 0.416955  0.157939
7510 0.339541 0.244031  0.416428
6706 0.595419 0.262845  0.141736
676 0.44091 0.368048  0.191042
7063 0.354608 0.333901  0.311491
7032 0.316782 0.139252  0.543966
4592 0.0202083 0.646941  0.33285
7053 0.105187 0.671949  0.222864
4044 0.631993 0.355636  0.0123713
5028 0.214049 0.0383814  0.74757
6135 0.475189 0.46791  0.0569008
894 0.269304 0.619885  0.110811
7409 0.536137 0.155788  0.308075
7497 0.102033 0.379666  0.5183
4865 0.308768 0.417767  0.273465
8361 0.268049 0.335356  0.396596
8281 0.44352 0.066519  0.489961
3608 0.287391 0.642621  0.0699881
2971 0.326482 0.283103  0.390416
8240 0.361935 0.190273  0.447792
6691 0.436374 0.118216  0.44541
1813 0.349319 0.283026  0.367655
8329 0.522387 0.423957  0.0536564
4462 0.350621 0.324827  0.324553
4776 0.321254 0.346802  0.331945
3629 0.497573 0.249192  0.253234
