4531 0.459753 0.396295  0.143951
20 0.192086 0.192651  0.615263
1051 0.250955 0.598821  0.150224
704 0.611377 0.106933  0.28169
3831 0.396553 0.0305474  0.5729
3974 0.194867 0.643565  0.161568
2879 0.464309 0.403369  0.132322
272 0.307753 0.339726  0.352521
1491 0.354223 0.275223  0.370555
3859 0.112019 0.41598  0.472002
3139 0.318673 0.460125  0.221202
112 0.327002 0.335036  0.337963
2380 0.230294 0.393649  0.376057
1005 0.387331 0.601523  0.0111456
311 0.256262 0.441071  0.302667
861 0.40954 0.503637  0.0868228
2438 0.368074 0.435495  0.196431
4339 0.255036 0.207294  0.53767
2425 0.243552 0.345899  0.41055
875 0.349649 0.330938  0.319413
2923 0.0226853 0.383602  0.593713
3715 0.605581 0.327297  0.0671215
4757 0.451937 0.129445  0.418618
2927 0.490976 0.0948986  0.414125
3965 0.141601 0.0831667  0.775233
4119 0.442469 0.366034  0.191497
1429 0.0767527 0.372482  0.550765
4836 0.0164192 0.802176  0.181405
3956 0.494997 0.360635  0.144368
556 0.439688 0.271309  0.289003
3167 0.296767 0.2074  0.495832
793 0.392 0.244866  0.363134
193 0.305867 0.598569  0.0955642
53 0.268132 0.355205  0.376663
3830 0.420194 0.173531  0.406275
86 0.430474 0.168777  0.400749
1116 0.174861 0.326585  0.498553
1270 0.549282 0.163558  0.28716
671 0.6403 0.0211326  0.338567
4584 0.671387 0.0154971  0.313116
3311 0.68005 0.16756  0.15239
4939 0.425511 0.304133  0.270356
539 0.241193 0.412367  0.34644
4416 0.340194 0.343046  0.31676
4133 0.649171 0.333577  0.0172518
2532 0.515299 0.100476  0.384224
2603 0.32573 0.305758  0.368512
2039 0.0286449 0.765629  0.205727
3715 0.369847 0.409805  0.220348
4092 0.380182 0.186935  0.432883
873 0.128938 0.284736  0.586326
995 0.203147 0.513053  0.2838
861 0.22982 0.457674  0.312505
560 0.572387 0.0874994  0.340113
246 0.397134 0.385827  0.217038
949 0.574283 0.320278  0.105439
2485 0.0174704 0.812109  0.170421
3795 0.447115 0.0572975  0.495588
801 0.36911 0.257887  0.373003
285 0.275144 0.345214  0.379642
2885 0.400001 0.35977  0.240229
1431 0.294791 0.55152  0.153689
2374 0.519911 0.142281  0.337807
3040 0.15711 0.74228  0.10061
2370 0.13066 0.47278  0.396559
4092 0.450309 0.0977607  0.451931
1747 0.074195 0.433072  0.492733
3504 0.331285 0.104755  0.56396
3153 0.440842 0.278301  0.280857
2533 0.369322 0.315653  0.315025
1634 0.098057 0.514394  0.387549
1912 0.60258 0.18455  0.21287
1168 0.313806 0.325317  0.360878
216 0.349463 0.467395  0.183142
1326 0.396275 0.229283  0.374443
2899 0.586959 0.0286  0.384441
999 0.348329 0.390684  0.260987
2884 0.151326 0.436615  0.412059
612 0.333524 0.406726  0.25975
1688 0.420225 0.458524  0.121251
4560 0.358627 0.369528  0.271845
1686 0.237038 0.103585  0.659377
4685 0.598654 0.264444  0.136902
3313 0.372919 0.206861  0.420221
3252 0.0212077 0.118921  0.859871
3638 0.286255 0.433585  0.28016
4010 0.110687 0.276298  0.613015
1566 0.394867 0.317441  0.287693
967 0.183881 0.430183  0.385936
173 0.0637381 0.596943  0.339319
3516 0.300562 0.4087  0.290739
752 0.453243 0.318294  0.228463
2506 0.445657 0.275623  0.27872
3016 0.222343 0.264131  0.513526
4056 0.872808 0.0166948  0.110497
4502 0.0721092 0.308056  0.619835
4622 0.158444 0.484109  0.357447
1920 0.478329 0.448712  0.0729591
3331 0.264663 0.705476  0.0298608
2050 0.32921 0.0522903  0.6185
2728 0.55789 0.154492  0.287618
1123 0.241839 0.343977  0.414184
2926 0.509619 0.347754  0.142627
3154 0.112081 0.511095  0.376824
2936 0.0825342 0.305818  0.611647
1121 0.247322 0.466418  0.28626
969 0.245796 0.660799  0.0934041
1411 0.475491 0.447109  0.0773999
1050 0.388842 0.322895  0.288263
4177 0.390065 0.392083  0.217852
3043 0.223453 0.305293  0.471254
3179 0.547379 0.396575  0.0560464
25 0.178438 0.497957  0.323606
4777 0.259699 0.26556  0.474741
289 0.0724867 0.485496  0.442017
3373 0.203928 0.386057  0.410015
2274 0.391631 0.322772  0.285597
4235 0.275769 0.249066  0.475165
4815 0.367403 0.361995  0.270602
387 0.502397 0.0834265  0.414177
603 0.138427 0.520475  0.341098
3629 0.023887 0.365808  0.610305
659 0.0545518 0.501145  0.444303
2650 0.289296 0.494469  0.216235
4226 0.0464799 0.528483  0.425037
2236 0.186769 0.405942  0.407289
2513 0.349977 0.363197  0.286826
418 0.709635 0.0492486  0.241116
444 0.2204 0.392179  0.387421
2518 0.0294063 0.475899  0.494695
796 0.575975 0.0726262  0.351399
26 0.774449 0.0545284  0.171022
1311 0.483969 0.432732  0.0832986
2040 0.384906 0.239672  0.375422
539 0.337696 0.353876  0.308428
364 0.416033 0.291416  0.29255
226 0.0333942 0.532169  0.434436
4223 0.114699 0.352067  0.533234
4937 0.569589 0.325665  0.104746
778 0.253894 0.599033  0.147073
3495 0.530886 0.375761  0.0933531
3642 0.338319 0.324053  0.337628
353 0.449215 0.419145  0.13164
4531 0.193278 0.678778  0.127945
3490 0.300029 0.275211  0.42476
2231 0.0360982 0.341987  0.621915
4239 0.28317 0.057836  0.658994
3158 0.258041 0.440246  0.301712
3374 0.33978 0.276366  0.383854
1443 0.463024 0.130748  0.406228
2125 0.179752 0.489514  0.330734
2288 0.0832316 0.537387  0.379382
1038 0.46469 0.45002  0.0852905
4825 0.200356 0.459635  0.340008
410 0.342215 0.320041  0.337744
10 0.520881 0.295291  0.183828
4663 0.738087 0.138488  0.123425
1165 0.39454 0.298126  0.307333
697 0.221761 0.511675  0.266564
3545 0.395518 0.380106  0.224375
750 0.0405198 0.904973  0.0545075
1397 0.315234 0.284745  0.400021
4167 0.516652 0.13345  0.349898
1264 0.151781 0.835874  0.0123456
2943 0.362531 0.0869462  0.550523
3218 0.452326 0.534757  0.012917
3195 0.327831 0.427765  0.244404
2762 0.212583 0.523296  0.264121
2939 0.478774 0.257472  0.263755
2761 0.378016 0.567674  0.0543105
2417 0.240543 0.338598  0.420859
2823 0.0180515 0.635725  0.346224
1960 0.526645 0.0280863  0.445269
3756 0.401877 0.393452  0.204671
4258 0.234534 0.414071  0.351395
403 0.199055 0.404582  0.396363
1039 0.256759 0.187818  0.555423
3741 0.326653 0.290741  0.382606
3379 0.365899 0.292875  0.341227
2214 0.225789 0.482967  0.291244
3734 0.383591 0.0308839  0.585525
2598 0.216775 0.499252  0.283973
4363 0.132284 0.235673  0.632043
2189 0.320136 0.414098  0.265767
4271 0.32945 0.623447  0.0471029
2040 0.206247 0.70424  0.0895132
1333 0.484377 0.404965  0.110658
1425 0.384006 0.317667  0.298327
4560 0.522955 0.0853895  0.391655
3685 0.228747 0.429921  0.341332
4786 0.268721 0.333231  0.398048
1135 0.0319886 0.511959  0.456053
4028 0.0671105 0.48646  0.44643
1269 0.441241 0.0782441  0.480515
164 0.37659 0.210769  0.412641
28 0.366885 0.461141  0.171974
2923 0.423552 0.457164  0.119283
2235 0.235146 0.215826  0.549029
680 0.39754 0.288024  0.314436
2707 0.183386 0.585669  0.230945
2492 0.246464 0.280829  0.472706
2152 0.478182 0.4016  0.120218
4728 0.508045 0.445493  0.0464617
1486 0.288843 0.586786  0.12437
3870 0.0889811 0.774304  0.136715
4614 0.204656 0.321765  0.47358
1603 0.417007 0.355775  0.227218
2450 0.121135 0.272059  0.606806
729 0.0810833 0.344026  0.574891
2817 0.384049 0.365536  0.250415
2448 0.442652 0.382239  0.175109
4014 0.332642 0.146273  0.521085
1585 0.0413059 0.522344  0.43635
589 0.368089 0.39153  0.240381
4045 0.0595947 0.311312  0.629093
1788 0.287153 0.484988  0.227859
3841 0.549134 0.163045  0.28782
1394 0.509276 0.433286  0.057438
1524 0.234348 0.107785  0.657867
700 0.0287049 0.750082  0.221213
2748 0.135885 0.473366  0.390749
1628 0.246736 0.332889  0.420376
3070 0.135827 0.476142  0.388031
1477 0.648496 0.314606  0.0368982
4764 0.567946 0.245305  0.186749
3722 0.45389 0.324083  0.222027
672 0.0715063 0.448557  0.479937
3295 0.510803 0.195456  0.293741
1814 0.198403 0.543142  0.258454
2511 0.381832 0.179315  0.438853
3587 0.425728 0.404035  0.170237
2744 0.0344855 0.392347  0.573168
1367 0.161909 0.765447  0.0726437
2554 0.640006 0.21096  0.149034
412 0.447867 0.345458  0.206675
4726 0.597309 0.38694  0.0157511
4055 0.184749 0.579728  0.235523
484 0.265045 0.339653  0.395302
2490 0.549718 0.0696491  0.380633
1672 0.41463 0.335912  0.249457
764 0.205584 0.380463  0.413953
2118 0.35455 0.551449  0.094001
4092 0.428992 0.550065  0.0209436
2818 0.681341 0.300768  0.017891
4523 0.124162 0.721282  0.154555
4861 0.475386 0.43912  0.0854945
605 0.491848 0.120991  0.387161
854 0.297266 0.252387  0.450347
3103 0.0282528 0.474912  0.496835
4342 0.296774 0.625234  0.0779927
2524 0.370617 0.311052  0.318331
3973 0.0238688 0.461113  0.515018
4510 0.165359 0.209563  0.625078
1204 0.0805239 0.0260528  0.893423
3992 0.217314 0.405054  0.377632
4644 0.204412 0.288033  0.507555
2495 0.711913 0.10119  0.186897
651 0.035638 0.320473  0.643889
2267 0.314637 0.408205  0.277159
1156 0.802879 0.0954624  0.101659
4314 0.187777 0.358826  0.453396
4806 0.148977 0.175399  0.675624
1415 0.46735 0.44855  0.0840996
1590 0.371168 0.295993  0.33284
1557 0.0234497 0.473554  0.502996
4523 0.317487 0.443148  0.239366
2736 0.294242 0.41603  0.289728
1065 0.26585 0.50461  0.22954
3963 0.502296 0.115044  0.38266
48 0.328989 0.356233  0.314778
296 0.382645 0.107042  0.510313
4245 0.0647086 0.411396  0.523896
3895 0.254995 0.456124  0.288882
519 0.295022 0.348997  0.35598
2446 0.374425 0.244212  0.381363
4045 0.465624 0.303641  0.230735
4306 0.246733 0.314735  0.438533
3077 0.042264 0.380319  0.577417
4669 0.402869 0.185468  0.411663
3830 0.101318 0.156259  0.742423
4663 0.283236 0.373458  0.343306
3791 0.555529 0.155896  0.288575
3389 0.34008 0.160331  0.499589
749 0.130862 0.328566  0.540572
1971 0.240523 0.412519  0.346958
4564 0.435632 0.3228  0.241568
1438 0.137023 0.470287  0.39269
4994 0.306088 0.234628  0.459284
236 0.171559 0.359025  0.469416
675 0.408919 0.430212  0.160869
4524 0.115136 0.321042  0.563823
4109 0.388486 0.125845  0.485669
3612 0.314574 0.557703  0.127723
3852 0.43528 0.478066  0.0866543
2057 0.196696 0.184681  0.618623
700 0.338539 0.191048  0.470413
3606 0.452559 0.0880332  0.459408
895 0.154263 0.486387  0.359349
4301 0.576006 0.238941  0.185053
48 0.118955 0.861966  0.0190786
72 0.402158 0.510227  0.0876145
4088 0.857627 0.0600264  0.0823469
4833 0.0492182 0.876099  0.0746825
3685 0.410078 0.232728  0.357193
1064 0.328484 0.379065  0.292451
4144 0.360402 0.159355  0.480242
1399 0.135113 0.559935  0.304953
2184 0.351979 0.370848  0.277173
4798 0.395812 0.386448  0.217739
1805 0.357022 0.2484  0.394578
2453 0.247813 0.28335  0.468837
807 0.69024 0.0924202  0.21734
4601 0.483078 0.13575  0.381171
4822 0.488592 0.41446  0.0969483
4038 0.506655 0.0418653  0.45148
261 0.686127 0.0872809  0.226593
1060 0.0628468 0.231672  0.705481
1495 0.232274 0.383081  0.384645
2364 0.362276 0.15801  0.479713
1246 0.400678 0.332236  0.267086
4071 0.423154 0.561102  0.0157444
396 0.316595 0.16662  0.516785
4726 0.0244666 0.745608  0.229926
4102 0.356829 0.42561  0.21756
4194 0.273086 0.417221  0.309694
3922 0.246073 0.0602135  0.693713
371 0.166734 0.300051  0.533215
790 0.595107 0.231087  0.173805
640 0.220624 0.416448  0.362928
2509 0.182633 0.591734  0.225633
1577 0.0424721 0.280587  0.676941
4589 0.321126 0.517615  0.161259
3318 0.296782 0.392475  0.310743
1343 0.464428 0.0847349  0.450837
1744 0.261396 0.594352  0.144253
1040 0.151402 0.585391  0.263206
597 0.116541 0.511745  0.371713
3198 0.557116 0.163198  0.279686
4311 0.259198 0.427029  0.313774
591 0.638545 0.238952  0.122502
1622 0.409715 0.215071  0.375214
3843 0.416371 0.278601  0.305029
3547 0.095604 0.388183  0.516213
4400 0.285475 0.173279  0.541245
535 0.318035 0.612701  0.0692636
2374 0.110379 0.465535  0.424086
46 0.119919 0.542429  0.337653
3176 0.340248 0.384063  0.275689
2102 0.461059 0.0627146  0.476227
4601 0.092005 0.421075  0.48692
1487 0.458567 0.213416  0.328017
3732 0.0318186 0.431875  0.536306
1873 0.48981 0.405156  0.105034
892 0.187563 0.415155  0.397282
1018 0.187932 0.206045  0.606023
804 0.483349 0.466829  0.0498222
2244 0.539691 0.285411  0.174898
1366 0.47291 0.217358  0.309732
2361 0.242872 0.418574  0.338554
2945 0.567628 0.284728  0.147643
2269 0.230836 0.53529  0.233874
291 0.709628 0.209246  0.0811257
2272 0.121475 0.436048  0.442477
2307 0.298 0.376393  0.325607
2452 0.502354 0.121547  0.376099
4504 0.510161 0.256345  0.233494
544 0.62017 0.348302  0.0315283
2512 0.091331 0.477048  0.431621
1878 0.320805 0.0374734  0.641722
2449 0.558191 0.232387  0.209422
2890 0.375393 0.198295  0.426312
4200 0.265717 0.577765  0.156518
265 0.0952036 0.478988  0.425808
4091 0.37348 0.233395  0.393124
867 0.444118 0.254347  0.301535
999 0.287391 0.32764  0.384969
772 0.239461 0.57618  0.184359
1205 0.239576 0.314677  0.445747
666 0.358793 0.0526046  0.588603
2555 0.152481 0.254194  0.593325
2505 0.654533 0.0781959  0.267271
2705 0.172572 0.652704  0.174724
4777 0.236749 0.449312  0.313939
749 0.700532 0.151905  0.147562
1615 0.348948 0.230057  0.420995
4120 0.428334 0.322828  0.248837
1491 0.526959 0.4389  0.0341404
3099 0.222955 0.398499  0.378546
2993 0.1007 0.562539  0.336761
120 0.563861 0.0858623  0.350276
3726 0.194099 0.297966  0.507935
91 0.220138 0.354246  0.425617
3122 0.547074 0.38617  0.066756
1490 0.41658 0.537395  0.046025
587 0.322037 0.292662  0.385301
1004 0.231117 0.527606  0.241277
3622 0.288023 0.438955  0.273022
2777 0.63158 0.259765  0.108655
4631 0.70518 0.0406201  0.2542
11 0.213398 0.428901  0.3577
4043 0.274484 0.361385  0.364131
3796 0.0153938 0.493764  0.490842
160 0.329102 0.265757  0.405141
369 0.283814 0.525296  0.19089
1043 0.272257 0.550161  0.177582
1386 0.643713 0.0409914  0.315296
4149 0.287633 0.230562  0.481806
1976 0.267917 0.203551  0.528532
3726 0.3936 0.460955  0.145445
3497 0.317326 0.33544  0.347234
3284 0.21558 0.569197  0.215223
803 0.219908 0.387778  0.392314
1528 0.619859 0.256677  0.123464
4920 0.279614 0.373052  0.347334
3948 0.249148 0.469546  0.281306
4683 0.210378 0.45744  0.332182
1076 0.238184 0.232398  0.529418
4523 0.145819 0.497046  0.357135
3202 0.425831 0.152564  0.421605
513 0.0519887 0.0427628  0.905248
868 0.327049 0.113643  0.559308
3856 0.598573 0.375654  0.0257739
4059 0.375345 0.00899247  0.615663
3842 0.491881 0.0228084  0.485311
2223 0.180255 0.553925  0.26582
691 0.156121 0.282095  0.561784
646 0.526318 0.340602  0.133081
1455 0.273976 0.40441  0.321614
3738 0.11858 0.444193  0.437227
1776 0.432423 0.19975  0.367827
4710 0.364449 0.557595  0.0779561
3187 0.548373 0.287993  0.163634
696 0.130006 0.452441  0.417552
1967 0.409784 0.0638837  0.526333
700 0.118836 0.578773  0.302391
4941 0.386421 0.48757  0.126009
2248 0.377916 0.157705  0.464379
4025 0.464805 0.176482  0.358713
4029 0.300994 0.310346  0.388661
117 0.283163 0.425117  0.29172
1285 0.388642 0.419707  0.191652
4472 0.288945 0.320023  0.391032
1974 0.21559 0.0620236  0.722386
658 0.558099 0.30938  0.132521
3546 0.604195 0.179554  0.21625
4239 0.270085 0.242042  0.487873
4373 0.373415 0.298651  0.327933
3933 0.430599 0.0459982  0.523403
1565 0.497465 0.248197  0.254339
64 0.0848965 0.582208  0.332895
1120 0.293731 0.484043  0.222227
4798 0.351319 0.37404  0.274641
2885 0.25192 0.401023  0.347057
1563 0.328648 0.460689  0.210663
863 0.364397 0.317289  0.318315
108 0.484764 0.0838686  0.431368
1689 0.127288 0.44745  0.425262
1937 0.526588 0.212153  0.261259
266 0.365993 0.429216  0.204791
2637 0.239595 0.424087  0.336318
4499 0.408036 0.432233  0.159731
1253 0.400623 0.453954  0.145423
2495 0.137113 0.47456  0.388326
109 0.120189 0.54967  0.330141
2882 0.529584 0.345223  0.125193
986 0.264465 0.376534  0.359001
3565 0.173523 0.626561  0.199916
4451 0.486897 0.131715  0.381388
3978 0.315626 0.315748  0.368625
2387 0.236931 0.245566  0.517503
524 0.343179 0.321368  0.335454
1687 0.491093 0.45827  0.050637
2940 0.532485 0.294533  0.172981
4490 0.483441 0.18554  0.331019
1804 0.217357 0.465551  0.317093
1826 0.36637 0.330777  0.302853
2408 0.113412 0.627525  0.259064
2608 0.172338 0.325458  0.502205
1 0.172199 0.267917  0.559884
3412 0.397619 0.128601  0.47378
1265 0.486579 0.0953576  0.418064
3833 0.234717 0.215455  0.549829
2123 0.597322 0.0359062  0.366771
1342 0.0588103 0.43181  0.50938
2356 0.450563 0.451659  0.0977787
4503 0.500163 0.385672  0.114165
2933 0.163875 0.200314  0.635811
1442 0.461766 0.267397  0.270837
576 0.323067 0.411053  0.26588
4260 0.51714 0.380583  0.102276
4971 0.0177593 0.536772  0.445469
3809 0.249823 0.302336  0.447841
1720 0.167209 0.37518  0.457611
777 0.429863 0.0990871  0.47105
4523 0.0653988 0.420058  0.514543
4561 0.129186 0.287235  0.583579
3395 0.44507 0.320918  0.234012
938 0.347582 0.330805  0.321614
1486 0.14535 0.69947  0.155179
2026 0.0214453 0.472576  0.505979
2858 0.369866 0.233065  0.39707
4117 0.224187 0.475745  0.300068
2338 0.168922 0.356437  0.474642
1677 0.191364 0.53433  0.274306
4545 0.355743 0.100988  0.543269
4712 0.323953 0.464289  0.211759
2395 0.324888 0.374933  0.30018
2051 0.329002 0.512972  0.158026
76 0.3388 0.419431  0.241769
2447 0.287231 0.543626  0.169143
1655 0.111221 0.0819757  0.806803
1709 0.128511 0.403428  0.468061
4746 0.182111 0.169019  0.64887
337 0.331503 0.335232  0.333265
3465 0.67953 0.185024  0.135445
4777 0.337449 0.248942  0.413609
3267 0.26406 0.287039  0.448901
2941 0.381741 0.155881  0.462378
4558 0.350753 0.260176  0.389071
2485 0.226916 0.340292  0.432792
4003 0.402979 0.494928  0.102093
4090 0.269463 0.316177  0.41436
2133 0.378313 0.307063  0.314624
657 0.238007 0.584443  0.17755
3304 0.373588 0.140669  0.485743
1479 0.532106 0.179215  0.288679
2007 0.533541 0.411163  0.0552966
1937 0.39349 0.553496  0.0530139
764 0.191731 0.455938  0.352331
3908 0.421832 0.18516  0.393008
4815 0.301883 0.407917  0.290201
3584 0.130004 0.570332  0.299664
4639 0.147274 0.315759  0.536967
1841 0.124072 0.451916  0.424012
576 0.411839 0.0782018  0.509959
1188 0.292895 0.130085  0.57702
2834 0.453153 0.0214047  0.525442
4113 0.0219695 0.682641  0.295389
2050 0.542879 0.201421  0.2557
3979 0.783029 0.0761017  0.140869
801 0.337782 0.468815  0.193403
3612 0.357032 0.348805  0.294163
940 0.327841 0.38943  0.282729
2361 0.26336 0.195763  0.540877
2078 0.583172 0.289162  0.127666
2280 0.0293503 0.179559  0.791091
2099 0.554658 0.232336  0.213005
1899 0.524896 0.420773  0.0543309
3771 0.524444 0.4463  0.0292559
1419 0.608335 0.105802  0.285863
4999 0.304049 0.367596  0.328354
2192 0.0540891 0.815407  0.130503
1924 0.463251 0.347499  0.18925
793 0.382435 0.0371951  0.58037
4215 0.376558 0.30386  0.319582
1916 0.107015 0.333734  0.55925
4026 0.437659 0.283896  0.278445
2079 0.433643 0.22237  0.343987
3367 0.462505 0.0398035  0.497692
179 0.332555 0.0257231  0.641722
3268 0.349852 0.390009  0.260139
644 0.189705 0.438304  0.371991
812 0.120335 0.381894  0.497771
4773 0.087814 0.508118  0.404068
4795 0.287299 0.402081  0.31062
3079 0.219093 0.57792  0.202987
2962 0.38888 0.552224  0.0588958
3524 0.423866 0.326391  0.249743
2974 0.0101049 0.78547  0.204425
514 0.25444 0.17227  0.573291
1494 0.620233 0.258931  0.120836
1474 0.515393 0.0285878  0.456019
4547 0.312038 0.242247  0.445715
4297 0.498679 0.416594  0.0847269
4584 0.109967 0.499561  0.390473
87 0.247968 0.464656  0.287376
1600 0.22218 0.553278  0.224542
1407 0.177447 0.581486  0.241067
3492 0.370756 0.470435  0.158808
1356 0.596557 0.15996  0.243483
406 0.193542 0.238418  0.56804
1339 0.684656 0.248375  0.0669691
1285 0.439851 0.287099  0.27305
4542 0.371937 0.582417  0.045646
2774 0.250894 0.517565  0.231541
3422 0.361338 0.273865  0.364798
3822 0.343183 0.367346  0.289471
250 0.367345 0.236548  0.396107
4299 0.196799 0.449842  0.353359
635 0.0589739 0.481422  0.459604
4108 0.256191 0.0301896  0.713619
2375 0.499075 0.454646  0.0462784
2278 0.282519 0.287774  0.429708
2069 0.259548 0.517795  0.222657
1627 0.304423 0.495792  0.199785
2436 0.425434 0.107329  0.467237
859 0.277274 0.422429  0.300297
2946 0.508687 0.249248  0.242065
2246 0.0150924 0.323629  0.661278
330 0.463495 0.0719916  0.464514
3951 0.0909442 0.427601  0.481455
2050 0.476972 0.163778  0.35925
2881 0.111401 0.622194  0.266405
504 0.067435 0.152034  0.780531
1693 0.182215 0.793162  0.0246223
2992 0.547997 0.366702  0.0853011
3305 0.478884 0.379854  0.141262
2454 0.0945786 0.521948  0.383473
4939 0.35006 0.613618  0.0363223
371 0.13776 0.419722  0.442518
362 0.551663 0.151217  0.29712
1444 0.587235 0.231022  0.181743
1863 0.153852 0.0231633  0.822985
1729 0.146656 0.542971  0.310374
2839 0.761525 0.0356051  0.202869
880 0.335943 0.377088  0.286969
2834 0.38985 0.281877  0.328274
2100 0.554454 0.0375275  0.408019
1197 0.227088 0.384678  0.388233
4398 0.11754 0.322912  0.559549
3798 0.209256 0.0175826  0.773162
975 0.212198 0.327581  0.46022
833 0.226573 0.430678  0.342749
2040 0.421127 0.212395  0.366479
1801 0.430675 0.331856  0.237469
247 0.425147 0.103543  0.471311
3897 0.490873 0.286448  0.222679
29 0.0745862 0.370921  0.554493
2037 0.0443497 0.65136  0.304291
4795 0.206742 0.335964  0.457294
441 0.465693 0.160375  0.373932
3534 0.186552 0.649999  0.16345
1802 0.160481 0.231491  0.608027
3728 0.168695 0.624233  0.207072
3613 0.478433 0.40471  0.116856
1335 0.22783 0.515644  0.256527
751 0.494598 0.0420835  0.463318
3930 0.473422 0.452771  0.0738068
4602 0.0465731 0.718451  0.234976
802 0.119979 0.517559  0.362463
793 0.49812 0.299577  0.202303
3925 0.143957 0.343346  0.512697
1930 0.320439 0.413784  0.265776
755 0.248616 0.710095  0.041289
2717 0.273557 0.358252  0.368191
734 0.477779 0.193099  0.329122
196 0.0639596 0.423604  0.512436
39 0.394618 0.203961  0.401421
4777 0.436104 0.229586  0.33431
4499 0.343943 0.526623  0.129434
4190 0.294456 0.207548  0.497995
108 0.140597 0.247247  0.612156
187 0.235258 0.640581  0.12416
3796 0.028092 0.476549  0.495359
4086 0.182925 0.170748  0.646327
91 0.255015 0.474893  0.270092
2002 0.193932 0.4049  0.401168
421 0.63666 0.282107  0.0812329
2739 0.575496 0.0599152  0.364589
351 0.144377 0.316324  0.539299
3152 0.386353 0.0168468  0.596801
2313 0.554139 0.0571941  0.388667
2869 0.019927 0.546237  0.433836
1096 0.39573 0.452532  0.151738
3247 0.470862 0.343443  0.185696
3820 0.432121 0.12775  0.440128
412 0.0937948 0.525812  0.380393
4167 0.41058 0.285755  0.303665
3621 0.443918 0.307193  0.248889
4511 0.0499676 0.666046  0.283987
3748 0.348207 0.391283  0.26051
2268 0.842203 0.0423168  0.11548
3209 0.474701 0.0727827  0.452516
360 0.613689 0.185265  0.201046
2328 0.446145 0.0703901  0.483465
4830 0.277107 0.545203  0.17769
2625 0.583283 0.384144  0.0325734
2355 0.254662 0.610308  0.13503
4142 0.325947 0.0748608  0.599192
933 0.42462 0.121947  0.453432
2264 0.235138 0.421001  0.34386
2458 0.415084 0.271986  0.312929
2095 0.142016 0.445426  0.412558
1612 0.401645 0.387677  0.210678
3771 0.49629 0.0928761  0.410834
3282 0.563062 0.385635  0.051303
3571 0.162445 0.606361  0.231194
1360 0.47235 0.273013  0.254637
3281 0.381047 0.518096  0.100858
1915 0.193641 0.275232  0.531127
4976 0.491516 0.234444  0.27404
944 0.0287303 0.630503  0.340767
3452 0.0270336 0.0195085  0.953458
4671 0.330763 0.464053  0.205184
1476 0.40061 0.383548  0.215842
4066 0.266793 0.292398  0.44081
93 0.135577 0.622753  0.24167
40 0.445214 0.496933  0.0578529
3147 0.222741 0.444383  0.332875
1526 0.375001 0.46991  0.15509
3525 0.500257 0.173025  0.326718
1362 0.207697 0.527592  0.264711
456 0.543328 0.317093  0.139579
578 0.482533 0.239428  0.278039
885 0.425568 0.320937  0.253495
2931 0.39709 0.133974  0.468936
4892 0.462439 0.0694257  0.468135
2815 0.496088 0.11474  0.389172
117 0.398738 0.254049  0.347213
2284 0.348039 0.358044  0.293917
4382 0.115422 0.409226  0.475352
3268 0.231824 0.508748  0.259428
2484 0.527114 0.313684  0.159203
2610 0.460606 0.352068  0.187326
3625 0.0497253 0.466166  0.484108
2897 0.331558 0.184322  0.484119
605 0.224552 0.315327  0.460122
3448 0.20216 0.0879161  0.709924
858 0.236609 0.364075  0.399316
405 0.186154 0.185076  0.62877
16 0.37877 0.239563  0.381667
4510 0.200109 0.449628  0.350263
4021 0.135929 0.461263  0.402808
1012 0.414773 0.332758  0.252468
458 0.335918 0.346244  0.317838
4623 0.351146 0.389497  0.259357
4366 0.201069 0.180148  0.618783
2746 0.433242 0.17665  0.390108
3197 0.0883806 0.704935  0.206684
1379 0.155654 0.498429  0.345917
3489 0.425971 0.162239  0.41179
3302 0.297464 0.42596  0.276576
4150 0.424458 0.397268  0.178274
1253 0.285806 0.414668  0.299526
4365 0.331334 0.402941  0.265725
3128 0.440353 0.0630276  0.496619
1349 0.413042 0.377059  0.2099
1092 0.26255 0.380248  0.357201
1282 0.290932 0.343428  0.36564
2925 0.542341 0.240576  0.217083
1721 0.328076 0.452244  0.21968
4646 0.527688 0.0767531  0.395559
3400 0.453684 0.265509  0.280807
4026 0.339234 0.166071  0.494695
1528 0.0892486 0.363934  0.546817
3601 0.2743 0.225992  0.499708
2018 0.207464 0.23053  0.562006
4419 0.411541 0.475987  0.112471
2065 0.0536577 0.290257  0.656085
4517 0.4211 0.283073  0.295827
4227 0.281439 0.191495  0.527067
3592 0.48498 0.12472  0.390301
4750 0.217617 0.204961  0.577422
586 0.27316 0.172682  0.554158
2931 0.115022 0.355276  0.529702
2817 0.00960848 0.239656  0.750736
4021 0.277971 0.26518  0.456849
3623 0.176953 0.409373  0.413674
4553 0.552026 0.0839956  0.363978
2528 0.302873 0.308938  0.388189
616 0.27899 0.411795  0.309215
3888 0.420052 0.423231  0.156717
4134 0.475349 0.412255  0.112396
4273 0.324382 0.449239  0.226378
4088 0.0805905 0.365076  0.554333
3240 0.354959 0.494611  0.15043
3492 0.20268 0.559134  0.238186
1645 0.131565 0.286141  0.582294
4175 0.16727 0.41465  0.41808
2413 0.544481 0.116494  0.339025
4386 0.37147 0.259864  0.368666
4993 0.586822 0.134552  0.278626
87 0.377602 0.451158  0.17124
3912 0.250756 0.384224  0.36502
196 0.312686 0.662337  0.0249768
4376 0.500025 0.485439  0.0145362
2335 0.0593742 0.193573  0.747053
2175 0.230904 0.411679  0.357417
3133 0.507252 0.389823  0.102925
4562 0.307544 0.252462  0.439994
3137 0.438024 0.440557  0.121419
4664 0.179941 0.587188  0.232871
2327 0.173434 0.167374  0.659192
4924 0.224843 0.496629  0.278528
2040 0.487144 0.318616  0.19424
454 0.376149 0.47696  0.14689
3490 0.428302 0.332225  0.239473
2536 0.269713 0.465915  0.264372
98 0.0621855 0.586126  0.351689
3442 0.110601 0.420554  0.468846
3717 0.376532 0.0381396  0.585328
1437 0.15069 0.606291  0.24302
2569 0.494457 0.116377  0.389165
2719 0.280608 0.363291  0.356101
3022 0.52924 0.232316  0.238443
495 0.410152 0.114406  0.475442
4826 0.359824 0.308441  0.331735
4513 0.634621 0.301787  0.0635922
2588 0.246167 0.390406  0.363426
4096 0.107241 0.493309  0.39945
850 0.315631 0.255983  0.428386
3294 0.484884 0.242349  0.272768
3648 0.254114 0.315593  0.430293
1515 0.250203 0.130859  0.618938
4025 0.349038 0.310469  0.340493
4915 0.285626 0.438565  0.275809
4920 0.179845 0.490685  0.32947
482 0.243864 0.229201  0.526935
4021 0.314084 0.350123  0.335793
4417 0.402607 0.23561  0.361783
4559 0.18654 0.22165  0.59181
723 0.332471 0.59618  0.0713492
1769 0.321112 0.203403  0.475485
994 0.742346 0.202022  0.0556319
2473 0.33724 0.335671  0.327089
3158 0.101095 0.52159  0.377315
1726 0.145715 0.462667  0.391618
4483 0.202999 0.151788  0.645213
455 0.26275 0.148344  0.588906
2591 0.60759 0.312501  0.0799091
4547 0.445478 0.0138967  0.540626
3028 0.366053 0.329341  0.304606
859 0.174508 0.438992  0.386499
527 0.302717 0.482658  0.214625
4362 0.191189 0.713109  0.0957025
3007 0.584526 0.172745  0.242729
1102 0.427902 0.281159  0.290939
4666 0.275663 0.136118  0.588218
422 0.0792524 0.494019  0.426729
2524 0.104043 0.448097  0.44786
2961 0.43331 0.288396  0.278294
1340 0.286157 0.549646  0.164197
2506 0.564382 0.0521991  0.383419
780 0.108713 0.227896  0.66339
2737 0.173443 0.410495  0.416062
3487 0.164331 0.39987  0.435799
1667 0.423907 0.106846  0.469247
846 0.469725 0.435481  0.0947939
2207 0.510761 0.0794641  0.409775
4963 0.270374 0.152669  0.576957
869 0.314045 0.288775  0.39718
2826 0.0212736 0.586898  0.391829
82 0.502523 0.0609887  0.436488
587 0.06575 0.677922  0.256328
2653 0.425938 0.136451  0.437611
811 0.427548 0.34247  0.229982
423 0.248498 0.43699  0.314511
2203 0.263969 0.0659304  0.670101
3765 0.130124 0.47687  0.393006
4460 0.508213 0.0917029  0.400084
308 0.397129 0.0460314  0.556839
2269 0.675637 0.0615374  0.262825
2497 0.439797 0.0536832  0.50652
4568 0.321488 0.309189  0.369323
1936 0.406812 0.373047  0.220141
875 0.161486 0.476255  0.362259
1177 0.366684 0.595906  0.0374096
1785 0.187907 0.366788  0.445305
2590 0.195623 0.41774  0.386636
3974 0.47451 0.356487  0.169004
834 0.575251 0.0957671  0.328982
270 0.347954 0.233512  0.418534
668 0.0333577 0.398351  0.568292
2499 0.403168 0.294758  0.302074
4681 0.230282 0.32885  0.440869
4056 0.0763775 0.323239  0.600384
3945 0.527365 0.0710974  0.401538
2508 0.160827 0.524932  0.314242
4167 0.317277 0.48299  0.199733
3510 0.484616 0.413273  0.102111
4687 0.269238 0.0174381  0.713324
3848 0.0451905 0.434679  0.520131
730 0.0914649 0.133543  0.774992
1535 0.787763 0.0671493  0.145088
2489 0.170623 0.262202  0.567175
4063 0.239078 0.51844  0.242482
1011 0.0354077 0.620298  0.344295
3623 0.146448 0.39058  0.462972
3877 0.386894 0.525473  0.0876327
3495 0.488886 0.219693  0.291421
1757 0.137319 0.342832  0.519849
4637 0.0594502 0.784982  0.155568
4976 0.034259 0.859371  0.10637
4342 0.302554 0.43373  0.263716
1538 0.22182 0.28491  0.49327
376 0.214657 0.770464  0.0148797
3094 0.398474 0.266587  0.334939
4582 0.277587 0.469594  0.252819
1073 0.430777 0.375351  0.193872
3888 0.102709 0.15205  0.74524
2942 0.36756 0.221717  0.410723
120 0.288413 0.456845  0.254741
1346 0.365782 0.47448  0.159738
3783 0.100883 0.475147  0.42397
903 0.262287 0.261613  0.476101
2516 0.271777 0.289794  0.438429
1385 0.31876 0.24957  0.43167
666 0.13379 0.636066  0.230145
2516 0.422138 0.275653  0.302208
2033 0.450315 0.439099  0.110586
756 0.0253264 0.425737  0.548937
189 0.419511 0.0155982  0.56489
3354 0.33517 0.294142  0.370688
2225 0.366251 0.311508  0.322241
4413 0.183006 0.0755848  0.741409
3893 0.646941 0.324785  0.0282736
3366 0.548003 0.0878161  0.364181
4430 0.0933264 0.342751  0.563923
1881 0.15572 0.120572  0.723709
2133 0.473889 0.397778  0.128333
1258 0.428772 0.502472  0.0687557
1893 0.541551 0.202772  0.255677
1638 0.199929 0.284502  0.51557
3692 0.511918 0.0460792  0.442003
985 0.225241 0.450085  0.324674
1990 0.0332873 0.287743  0.67897
1172 0.163592 0.176555  0.659853
3299 0.327973 0.218797  0.45323
4808 0.128318 0.526123  0.345559
1878 0.489646 0.0949364  0.415418
4631 0.254408 0.266179  0.479413
3763 0.650703 0.0358482  0.313449
3172 0.483498 0.465762  0.0507398
1848 0.197747 0.283115  0.519138
1035 0.646755 0.0827585  0.270486
2881 0.37876 0.165341  0.455899
1549 0.15711 0.657552  0.185339
2933 0.486314 0.362935  0.150751
2882 0.148708 0.495114  0.356177
2845 0.342152 0.256957  0.400891
4622 0.343361 0.0341398  0.622499
3447 0.159408 0.414915  0.425677
1177 0.0231966 0.841266  0.135537
273 0.249172 0.504618  0.246211
4313 0.462105 0.0566469  0.481248
1182 0.56851 0.230643  0.200847
4508 0.306879 0.439413  0.253708
3370 0.100943 0.715176  0.183881
1597 0.19631 0.378724  0.424967
4582 0.0221333 0.542103  0.435763
3313 0.159563 0.265626  0.574811
3684 0.334607 0.498721  0.166672
831 0.192173 0.183318  0.62451
2196 0.174017 0.502664  0.323319
831 0.45798 0.452195  0.0898248
245 0.458251 0.441286  0.100464
3176 0.305554 0.322114  0.372331
4050 0.124359 0.375872  0.499769
1763 0.499276 0.296078  0.204646
3937 0.377278 0.182074  0.440649
1298 0.679704 0.0215141  0.298782
1248 0.03765 0.551828  0.410522
3843 0.343682 0.318746  0.337571
1658 0.626151 0.10868  0.265169
3622 0.170594 0.523404  0.306002
403 0.474174 0.0266345  0.499192
2197 0.468662 0.08234  0.448998
2833 0.813458 0.0371378  0.149404
2145 0.21768 0.352375  0.429945
3363 0.232907 0.144328  0.622764
696 0.453422 0.201116  0.345461
3890 0.460873 0.496101  0.0430263
2435 0.366667 0.263052  0.370281
2856 0.419812 0.43734  0.142848
582 0.154475 0.55813  0.287395
1212 0.48608 0.381443  0.132477
4932 0.316468 0.421884  0.261648
4074 0.279468 0.495444  0.225088
4099 0.467581 0.460981  0.0714383
4614 0.246321 0.356309  0.39737
2484 0.150097 0.368381  0.481522
3878 0.324654 0.422836  0.25251
934 0.32146 0.0985432  0.579997
1894 0.309329 0.459102  0.231569
4552 0.400866 0.0795986  0.519535
508 0.285108 0.275689  0.439203
2264 0.262604 0.457035  0.280361
334 0.195534 0.369016  0.43545
3590 0.442085 0.245236  0.312679
2913 0.271638 0.304613  0.423749
2978 0.205643 0.597248  0.197109
2153 0.282778 0.147523  0.569699
3214 0.432357 0.115132  0.452511
2255 0.462348 0.198295  0.339357
45 0.0664144 0.339371  0.594215
4848 0.328528 0.330911  0.340561
3048 0.0627254 0.634202  0.303073
1919 0.185166 0.40391  0.410924
3513 0.365947 0.328954  0.305099
640 0.188816 0.464995  0.346189
3035 0.356702 0.51994  0.123358
3013 0.319286 0.160166  0.520548
1326 0.305182 0.0903111  0.604507
24 0.202854 0.685935  0.111212
1595 0.15574 0.814334  0.0299254
2254 0.314153 0.280106  0.405741
3258 0.539402 0.0697671  0.390831
2 0.313897 0.334713  0.35139
1144 0.413619 0.440149  0.146232
3110 0.06852 0.701078  0.230402
888 0.485797 0.423084  0.0911197
991 0.602895 0.167274  0.229832
1647 0.274872 0.269642  0.455486
3741 0.0673428 0.499739  0.432918
1789 0.117587 0.5703  0.312113
2689 0.140321 0.428731  0.430948
2246 0.492202 0.181685  0.326113
829 0.190835 0.48836  0.320805
2862 0.211471 0.233436  0.555093
3127 0.318448 0.41146  0.270093
653 0.631006 0.0870297  0.281965
4361 0.361168 0.243644  0.395189
3165 0.32273 0.262043  0.415228
2787 0.121568 0.685245  0.193187
2743 0.23376 0.520074  0.246165
1012 0.392323 0.175769  0.431908
4177 0.579418 0.0264999  0.394082
4781 0.338151 0.530581  0.131268
2225 0.619322 0.0350028  0.345675
2928 0.434442 0.262718  0.302839
4527 0.264862 0.240391  0.494747
1856 0.451217 0.376951  0.171832
3978 0.337822 0.120903  0.541275
2149 0.339683 0.234373  0.425944
4511 0.0163072 0.127577  0.856116
1415 0.355992 0.614012  0.0299955
1360 0.0482819 0.63046  0.321258
1068 0.46729 0.269429  0.263281
1091 0.597418 0.221568  0.181015
4972 0.436287 0.174658  0.389055
1989 0.493375 0.359806  0.146819
4955 0.160001 0.4508  0.389199
791 0.623471 0.252711  0.123818
4351 0.628857 0.349006  0.0221377
3594 0.498999 0.199828  0.301173
4966 0.324895 0.398998  0.276106
2777 0.139696 0.317192  0.543112
961 0.446775 0.051216  0.502009
4523 0.410304 0.23023  0.359466
1191 0.258229 0.186574  0.555197
2801 0.383338 0.228305  0.388357
2385 0.151766 0.366966  0.481268
2959 0.0667218 0.755616  0.177663
531 0.190975 0.350522  0.458502
2926 0.235281 0.465536  0.299183
2546 0.468956 0.449907  0.0811365
1881 0.156598 0.254869  0.588533
2226 0.0786403 0.394189  0.52717
4922 0.194425 0.224624  0.580952
2670 0.461721 0.374817  0.163462
3073 0.284878 0.273433  0.441689
2299 0.383692 0.369466  0.246842
4648 0.344674 0.364648  0.290679
1103 0.092912 0.6301  0.276988
3454 0.352664 0.263475  0.38386
3283 0.358355 0.492409  0.149236
3205 0.3786 0.436044  0.185355
3475 0.48616 0.308222  0.205617
3064 0.250638 0.64803  0.101332
2686 0.0335847 0.581934  0.384482
3278 0.688765 0.294139  0.0170962
1859 0.679228 0.250298  0.0704735
3428 0.355239 0.261153  0.383608
3505 0.116953 0.158512  0.724536
2308 0.454411 0.0974413  0.448148
2985 0.180934 0.532427  0.286639
1042 0.309687 0.0393665  0.650946
3832 0.494639 0.393781  0.11158
4867 0.301414 0.220657  0.477929
2135 0.498993 0.109835  0.391173
3339 0.509242 0.292286  0.198472
143 0.365634 0.560328  0.0740377
4213 0.106004 0.452706  0.44129
3229 0.6304 0.275589  0.0940116
2880 0.355538 0.293226  0.351236
4927 0.415727 0.0841541  0.500118
4104 0.613668 0.0567888  0.329543
1532 0.82625 0.0392766  0.134474
1615 0.38302 0.364487  0.252492
4664 0.245773 0.204041  0.550186
2655 0.158438 0.426295  0.415267
900 0.414079 0.0803959  0.505525
2499 0.336623 0.417858  0.245519
2501 0.279708 0.35081  0.369482
1719 0.346351 0.460486  0.193163
4481 0.446666 0.121249  0.432085
1879 0.413555 0.396767  0.189678
2739 0.311634 0.457872  0.230494
1137 0.54908 0.430905  0.0200157
3537 0.376415 0.201948  0.421637
3861 0.56904 0.322959  0.108002
246 0.25522 0.278436  0.466343
4178 0.250474 0.344942  0.404584
4870 0.0900672 0.548156  0.361777
2316 0.264322 0.396205  0.339472
4738 0.523182 0.255159  0.221659
4898 0.316453 0.161101  0.522446
1910 0.264014 0.351082  0.384904
3749 0.0475357 0.441222  0.511242
3040 0.449968 0.0580498  0.491983
2530 0.586189 0.204416  0.209395
3044 0.328797 0.285873  0.385329
4005 0.117716 0.4406  0.441684
3490 0.314245 0.138414  0.547341
608 0.372143 0.301571  0.326286
3134 0.0769126 0.30281  0.620277
783 0.0667803 0.583618  0.349601
4829 0.0981211 0.841649  0.06023
4096 0.350059 0.244669  0.405272
4031 0.338473 0.292807  0.36872
586 0.329952 0.477182  0.192866
4018 0.0704958 0.669599  0.259905
3322 0.338046 0.528885  0.133069
256 0.140119 0.459846  0.400035
1417 0.304687 0.362321  0.332991
992 0.49237 0.213002  0.294628
485 0.319212 0.396446  0.284342
444 0.45916 0.202471  0.33837
1190 0.00800247 0.457779  0.534219
1952 0.308843 0.544859  0.146297
3091 0.345293 0.434095  0.220611
2217 0.423326 0.231267  0.345407
864 0.263157 0.318424  0.41842
3956 0.2237 0.609435  0.166864
3571 0.0323835 0.379042  0.588574
4192 0.0550722 0.616496  0.328432
230 0.124412 0.533857  0.341731
4672 0.109507 0.198736  0.691757
3623 0.168281 0.0974774  0.734241
4836 0.413376 0.195547  0.391078
2096 0.387094 0.394278  0.218628
3738 0.224514 0.00814767  0.767338
1425 0.278976 0.180162  0.540862
3852 0.597154 0.291615  0.111231
868 0.170194 0.420348  0.409458
4887 0.264096 0.716548  0.0193562
4771 0.395639 0.348794  0.255567
3561 0.414733 0.151784  0.433483
4031 0.36836 0.497664  0.133977
2323 0.46748 0.385275  0.147245
4051 0.224204 0.32204  0.453756
794 0.598574 0.340564  0.0608621
4271 0.568062 0.0263532  0.405584
2787 0.38111 0.2189  0.399991
2635 0.543318 0.387523  0.0691586
578 0.186386 0.41795  0.395664
3418 0.131487 0.382438  0.486075
1709 0.536588 0.148293  0.315119
2759 0.107939 0.160729  0.731332
1027 0.254155 0.349605  0.396241
3553 0.310264 0.365174  0.324561
3997 0.58283 0.389201  0.0279684
2780 0.651939 0.149339  0.198722
4566 0.743278 0.0184085  0.238313
4949 0.277178 0.30414  0.418682
1866 0.601402 0.0899787  0.308619
3948 0.371825 0.216563  0.411612
1325 0.134509 0.528757  0.336733
2479 0.168092 0.483684  0.348225
4562 0.502061 0.0299207  0.468019
2072 0.397864 0.237874  0.364262
894 0.547387 0.0512472  0.401366
1329 0.241646 0.478644  0.279711
1708 0.440355 0.147534  0.412111
3380 0.451454 0.27716  0.271386
4120 0.0978694 0.416433  0.485698
4804 0.140375 0.492766  0.366859
3524 0.338692 0.368644  0.292664
3809 0.0595754 0.695669  0.244755
1354 0.447002 0.262876  0.290122
644 0.270757 0.424003  0.30524
282 0.565025 0.183318  0.251657
3310 0.0621581 0.449229  0.488612
4494 0.0956814 0.345465  0.558853
3836 0.289866 0.392713  0.31742
2402 0.0959562 0.493036  0.411008
4694 0.432541 0.168195  0.399264
2436 0.842236 0.144335  0.0134294
3773 0.032018 0.55975  0.408232
1116 0.133767 0.771389  0.0948438
4978 0.493619 0.0145462  0.491834
3851 0.734389 0.0467313  0.218879
4958 0.53612 0.389457  0.0744236
75 0.391034 0.303102  0.305865
2261 0.2911 0.393511  0.31539
2271 0.0291935 0.503188  0.467618
4686 0.260114 0.373746  0.366139
1226 0.55785 0.430299  0.0118517
908 0.404139 0.301466  0.294395
600 0.407173 0.335107  0.257721
1781 0.370256 0.530967  0.0987765
2933 0.559532 0.324751  0.115718
2047 0.246385 0.632768  0.120848
4928 0.312189 0.431693  0.256119
365 0.210285 0.511875  0.277841
3580 0.480573 0.313627  0.2058
4610 0.43969 0.139786  0.420524
4621 0.276704 0.169808  0.553488
3303 0.297833 0.519672  0.182495
3959 0.33681 0.139493  0.523697
2004 0.717131 0.172036  0.110833
17 0.200024 0.497655  0.302321
3244 0.369269 0.478884  0.151847
4630 0.574991 0.179839  0.24517
2872 0.400026 0.491098  0.108876
2062 0.580567 0.261497  0.157936
4454 0.188997 0.359539  0.451464
4804 0.377223 0.34023  0.282547
1487 0.170305 0.427721  0.401975
3429 0.46762 0.151494  0.380886
3563 0.177962 0.3517  0.470338
271 0.241713 0.389036  0.369251
3389 0.512997 0.0416877  0.445315
2900 0.341569 0.385592  0.272839
4649 0.385231 0.495683  0.119086
574 0.759896 0.0213224  0.218782
756 0.26766 0.357494  0.374846
3612 0.334047 0.46372  0.202233
441 0.108355 0.4881  0.403546
391 0.143699 0.582627  0.273674
1089 0.186023 0.699054  0.114923
1395 0.429718 0.0281832  0.542099
2330 0.163347 0.0113695  0.825283
