2350 0.454065 0.466663  0.0792718
423 0.366226 0.296224  0.33755
4493 0.0501086 0.299116  0.650775
2040 0.420071 0.43703  0.142899
5503 0.245028 0.614541  0.140431
5567 0.363529 0.453261  0.18321
1489 0.473801 0.295449  0.230751
1960 0.503979 0.0232978  0.472723
1215 0.446588 0.388707  0.164705
2547 0.256726 0.135348  0.607925
2087 0.597835 0.356451  0.0457133
4707 0.326676 0.311404  0.36192
1676 0.148399 0.455827  0.395774
3614 0.102879 0.441492  0.455629
4997 0.522063 0.274367  0.203571
774 0.459765 0.471283  0.0689526
5747 0.45239 0.356507  0.191102
4079 0.436383 0.480563  0.0830533
216 0.367266 0.105455  0.527278
705 0.465965 0.302156  0.231879
5844 0.352322 0.260063  0.387614
5106 0.420445 0.156672  0.422882
5242 0.21809 0.408949  0.372961
2138 0.349118 0.365585  0.285297
5454 0.247804 0.33398  0.418216
3292 0.482686 0.0475403  0.469773
5407 0.657578 0.291033  0.0513891
4157 0.430263 0.155733  0.414004
1527 0.277993 0.423321  0.298686
3118 0.431074 0.0508573  0.518069
4236 0.0984961 0.432191  0.469313
4547 0.0687108 0.433548  0.497741
5235 0.193921 0.0832529  0.722827
3671 0.430454 0.209705  0.359841
493 0.363442 0.473085  0.163473
0 0.331516 0.306937  0.361547
4260 0.133117 0.479368  0.387515
4923 0.268105 0.320127  0.411768
3053 0.430568 0.412459  0.156973
2589 0.157476 0.538898  0.303625
2320 0.348692 0.359847  0.291461
4396 0.496241 0.369536  0.134223
2817 0.365622 0.296061  0.338317
4562 0.195529 0.445763  0.358708
5902 0.262366 0.40251  0.335124
2464 0.438666 0.219147  0.342188
2635 0.107851 0.0661932  0.825956
5347 0.256655 0.020322  0.723023
3973 0.199053 0.331728  0.469219
1800 0.45918 0.149083  0.391737
3056 0.219093 0.427718  0.353189
3675 0.210128 0.500536  0.289336
1606 0.465813 0.371689  0.162498
5167 0.0834657 0.619072  0.297462
5657 0.203302 0.343153  0.453545
5661 0.579404 0.0416679  0.378928
895 0.297805 0.322513  0.379682
5575 0.478554 0.255569  0.265878
932 0.0922003 0.583982  0.323818
5329 0.279776 0.467223  0.253001
3629 0.250301 0.269283  0.480416
5064 0.153059 0.417963  0.428978
6119 0.0321886 0.172434  0.795377
297 0.378784 0.019752  0.601464
3893 0.304399 0.309923  0.385678
1028 0.116234 0.375329  0.508437
2754 0.492574 0.036941  0.470485
5987 0.325423 0.166702  0.507874
2756 0.663506 0.267072  0.0694212
2147 0.132509 0.64606  0.221431
3176 0.17757 0.423943  0.398487
1821 0.225073 0.358242  0.416686
242 0.450859 0.380615  0.168526
3196 0.372164 0.122032  0.505804
4881 0.324565 0.40516  0.270275
4420 0.205856 0.166365  0.627779
3120 0.390524 0.60298  0.00649539
4237 0.470621 0.182956  0.346424
2474 0.457438 0.16848  0.374082
4422 0.198369 0.316384  0.485247
5650 0.216704 0.546575  0.236721
3270 0.0733445 0.510125  0.416531
1003 0.50758 0.385981  0.106439
2557 0.139887 0.391225  0.468888
206 0.0118991 0.658749  0.329352
4874 0.348569 0.27172  0.379711
5776 0.219357 0.0568415  0.723801
3801 0.0711384 0.435317  0.493545
2215 0.115511 0.478803  0.405686
1391 0.165897 0.503585  0.330518
4528 0.321469 0.443021  0.23551
3914 0.628969 0.19687  0.17416
3733 0.350063 0.474054  0.175882
5748 0.130972 0.531704  0.337324
1109 0.519824 0.46239  0.0177861
171 0.108531 0.327193  0.564276
4523 0.285087 0.367846  0.347067
2739 0.574227 0.36587  0.0599028
4832 0.377234 0.243955  0.378811
1771 0.273141 0.0261288  0.70073
5 0.0470081 0.477688  0.475304
5593 0.164777 0.43264  0.402582
97 0.250676 0.451046  0.298278
5826 0.644175 0.0251732  0.330652
624 0.308655 0.448919  0.242426
5581 0.211944 0.430232  0.357823
4537 0.500936 0.183907  0.315157
4248 0.0108047 0.659032  0.330163
5075 0.324292 0.165044  0.510664
4710 0.290469 0.256792  0.452739
4246 0.3485 0.268789  0.382711
836 0.038995 0.847005  0.114
6041 0.192163 0.337265  0.470572
5165 0.315529 0.30716  0.377311
3159 0.25825 0.215571  0.526179
2609 0.0996602 0.205131  0.695209
890 0.23829 0.343013  0.418697
4661 0.126186 0.5754  0.298414
5664 0.434298 0.0492331  0.516469
2372 0.197711 0.596801  0.205488
6068 0.356781 0.298  0.345219
1604 0.29197 0.269795  0.438236
1418 0.425137 0.154688  0.420175
221 0.0999257 0.516346  0.383728
5024 0.354931 0.242752  0.402316
22 0.466275 0.330729  0.202996
1841 0.488752 0.221839  0.289408
2829 0.338954 0.45741  0.203635
248 0.140677 0.169182  0.690141
510 0.621983 0.233381  0.144636
5250 0.360304 0.237408  0.402288
3052 0.172697 0.428949  0.398353
5914 0.481206 0.0261022  0.492692
2179 0.265623 0.425353  0.309024
3103 0.30852 0.421369  0.270111
3673 0.40956 0.205794  0.384645
904 0.378687 0.530105  0.091208
5957 0.213373 0.51286  0.273767
4022 0.319173 0.432535  0.248292
3532 0.481587 0.0231241  0.495289
0 0.443061 0.0564674  0.500472
4657 0.149729 0.372661  0.47761
4654 0.146916 0.395409  0.457675
3088 0.44944 0.484269  0.0662912
5188 0.00899982 0.546343  0.444657
3870 0.0930489 0.304582  0.602369
1668 0.466121 0.404752  0.129127
4976 0.780432 0.057446  0.162122
5304 0.0239917 0.544471  0.431537
1890 0.334403 0.238606  0.426991
26 0.222872 0.155595  0.621533
5335 0.272467 0.295111  0.432422
2083 0.0852192 0.632434  0.282347
5853 0.479981 0.289948  0.230072
2688 0.496338 0.270592  0.23307
4344 0.244331 0.233165  0.522504
4912 0.232665 0.586309  0.181026
1691 0.285777 0.323776  0.390447
1708 0.0317356 0.725346  0.242918
4176 0.0660147 0.268317  0.665668
705 0.412504 0.054963  0.532533
5793 0.520097 0.112842  0.367061
5640 0.326582 0.336132  0.337286
1282 0.602684 0.240618  0.156698
2547 0.181722 0.523647  0.294631
5934 0.0484237 0.927753  0.0238233
5803 0.527131 0.186391  0.286479
5076 0.37676 0.268007  0.355234
2547 0.282894 0.534652  0.182455
591 0.0105231 0.630371  0.359106
3900 0.235208 0.489572  0.275219
3122 0.364778 0.259315  0.375908
518 0.457898 0.211485  0.330617
3 0.507391 0.288544  0.204065
1372 0.247994 0.0768613  0.675145
3012 0.0923214 0.287717  0.619961
21 0.104301 0.572427  0.323271
4453 0.323844 0.642291  0.0338651
5764 0.201861 0.57475  0.223389
1887 0.53795 0.0973067  0.364744
5827 0.564392 0.221769  0.213838
4123 0.420983 0.431482  0.147534
1626 0.35718 0.345673  0.297147
5634 0.213429 0.0222278  0.764343
6079 0.764538 0.0576759  0.177786
4534 0.130205 0.369339  0.500455
2586 0.0312403 0.2556  0.713159
390 0.372459 0.238903  0.388639
6031 0.580478 0.138918  0.280604
1382 0.261432 0.232801  0.505767
3723 0.0437574 0.466218  0.490025
5827 0.264994 0.388696  0.34631
5435 0.658422 0.314077  0.0275013
2286 0.437351 0.448042  0.114607
3527 0.448971 0.379339  0.171689
68 0.130418 0.798506  0.0710761
3831 0.359618 0.133813  0.50657
776 0.0357709 0.495935  0.468294
3867 0.411808 0.466889  0.121303
5548 0.623358 0.0175501  0.359092
2820 0.243689 0.231883  0.524428
1466 0.395325 0.063582  0.541093
1923 0.0501097 0.471659  0.478231
530 0.115725 0.451963  0.432312
5109 0.462293 0.203962  0.333745
2082 0.44858 0.542517  0.00890291
3773 0.562692 0.195462  0.241846
1699 0.723549 0.241403  0.035048
2221 0.22689 0.390562  0.382548
3359 0.218848 0.621954  0.159198
5452 0.479464 0.417347  0.10319
2164 0.360649 0.370227  0.269124
2052 0.230233 0.390345  0.379421
1763 0.324175 0.286011  0.389814
2201 0.515903 0.126405  0.357692
3907 0.0915279 0.432561  0.475911
5998 0.409284 0.32763  0.263086
4047 0.371882 0.488646  0.139472
174 0.201284 0.388644  0.410072
4433 0.732505 0.212848  0.054647
2617 0.363283 0.281358  0.355359
6 0.696199 0.244022  0.0597788
1598 0.262678 0.511122  0.2262
4168 0.557895 0.120486  0.321619
3292 0.123691 0.554283  0.322026
2570 0.549076 0.0457946  0.40513
3232 0.169384 0.428682  0.401934
757 0.310676 0.285674  0.403649
421 0.202544 0.461912  0.335544
1725 0.52054 0.0129348  0.466525
5635 0.422483 0.123503  0.454014
737 0.483466 0.143608  0.372926
516 0.822408 0.147397  0.0301952
638 0.306157 0.527721  0.166122
3186 0.598905 0.0803002  0.320795
4274 0.571276 0.0147183  0.414006
2966 0.481137 0.0268332  0.492029
1669 0.534958 0.237226  0.227816
2485 0.353876 0.520771  0.125353
4671 0.285094 0.288798  0.426108
4728 0.173518 0.23959  0.586892
2817 0.107237 0.463831  0.428932
5390 0.040424 0.557719  0.401857
3181 0.232227 0.626325  0.141448
4835 0.365867 0.480988  0.153145
4498 0.302056 0.443972  0.253973
2936 0.231294 0.677059  0.0916468
4714 0.207653 0.407578  0.384768
1834 0.0342317 0.885356  0.0804122
4744 0.267464 0.361659  0.370877
5764 0.146268 0.399437  0.454295
3981 0.297987 0.194851  0.507162
3036 0.38471 0.429196  0.186095
4374 0.186958 0.354972  0.45807
1144 0.150548 0.387206  0.462246
4362 0.343519 0.199054  0.457428
1618 0.342933 0.0228374  0.634229
1701 0.543905 0.0840564  0.372039
2260 0.489881 0.270618  0.239501
2218 0.724003 0.0436765  0.232321
5952 0.199568 0.424394  0.376038
2058 0.454582 0.435358  0.11006
51 0.267829 0.353452  0.378719
6059 0.461198 0.243793  0.295009
5943 0.374033 0.413641  0.212326
4114 0.349198 0.154507  0.496295
2055 0.0251087 0.729352  0.245539
4589 0.288671 0.302498  0.408831
3580 0.654186 0.20376  0.142054
2578 0.443732 0.1445  0.411768
2641 0.245531 0.382272  0.372198
329 0.522164 0.421682  0.0561537
826 0.41321 0.502117  0.0846734
5968 0.34865 0.155543  0.495807
5935 0.296444 0.608162  0.0953937
4933 0.873728 0.0818503  0.044422
5833 0.371676 0.0236489  0.604675
2305 0.532801 0.401785  0.0654134
645 0.166068 0.316798  0.517134
5828 0.229792 0.387302  0.382906
4292 0.238989 0.460841  0.30017
2564 0.121158 0.583827  0.295015
1097 0.511442 0.186538  0.30202
3246 0.617655 0.15332  0.229025
5166 0.313855 0.282147  0.403998
3250 0.134064 0.657615  0.208321
2636 0.325157 0.471381  0.203461
3759 0.323164 0.314229  0.362607
5602 0.165621 0.344088  0.490291
2617 0.401623 0.265348  0.333029
1758 0.164837 0.29538  0.539783
3272 0.217259 0.396198  0.386543
1227 0.468824 0.409582  0.121594
5889 0.442679 0.290699  0.266623
4758 0.348563 0.275053  0.376384
3713 0.583912 0.121267  0.294822
3149 0.0424918 0.592645  0.364863
1515 0.194486 0.370164  0.43535
3075 0.251085 0.546912  0.202003
6122 0.599486 0.101476  0.299039
4568 0.107084 0.642469  0.250447
4152 0.584304 0.113603  0.302094
5945 0.33427 0.234832  0.430898
3478 0.28145 0.435361  0.283189
5527 0.230176 0.339017  0.430806
867 0.381325 0.156582  0.462092
1889 0.0581711 0.538386  0.403443
4763 0.0966416 0.536939  0.36642
5487 0.596911 0.103521  0.299568
1782 0.586028 0.260426  0.153546
4124 0.223031 0.344438  0.432531
60 0.368547 0.0920674  0.539385
4170 0.394537 0.521079  0.0843839
2570 0.148806 0.48186  0.369334
87 0.302517 0.407973  0.28951
2 0.551896 0.41226  0.0358441
6050 0.3588 0.237034  0.404166
899 0.161879 0.753058  0.0850623
4152 0.239841 0.271182  0.488977
5930 0.507016 0.416153  0.0768314
226 0.43915 0.13173  0.429121
5943 0.359628 0.252802  0.38757
5969 0.334739 0.152879  0.512382
5315 0.242845 0.162462  0.594693
5832 0.364004 0.237631  0.398365
5602 0.444133 0.116124  0.439743
2816 0.0930682 0.722185  0.184747
5337 0.144356 0.35311  0.502534
3708 0.258437 0.0661694  0.675394
4570 0.0948594 0.390755  0.514386
3504 0.377504 0.399132  0.223365
4996 0.329314 0.508985  0.161701
2599 0.639852 0.349902  0.0102461
3565 0.498479 0.240792  0.260729
2647 0.239135 0.486485  0.274379
2247 0.303803 0.372285  0.323912
40 0.246923 0.395049  0.358028
4256 0.535695 0.355921  0.108383
4720 0.384615 0.402884  0.2125
5879 0.3627 0.355054  0.282245
5989 0.241251 0.425605  0.333144
5015 0.861268 0.0876026  0.0511294
2771 0.090854 0.190168  0.718978
1747 0.414164 0.431429  0.154407
126 0.0285867 0.606316  0.365097
2885 0.269799 0.207123  0.523078
5335 0.747321 0.233254  0.0194253
5941 0.305538 0.613055  0.0814069
1623 0.224586 0.281259  0.494156
5759 0.405442 0.315274  0.279284
1142 0.338803 0.283019  0.378178
3863 0.330924 0.28383  0.385246
2853 0.087368 0.216228  0.696404
5792 0.36466 0.529064  0.106276
2553 0.621938 0.133066  0.244996
165 0.388722 0.447556  0.163722
4433 0.413605 0.336734  0.249662
1191 0.0150488 0.439688  0.545263
3192 0.564894 0.0509757  0.38413
4754 0.142986 0.388921  0.468092
2737 0.299674 0.433244  0.267081
1437 0.507594 0.293982  0.198424
2709 0.1271 0.629819  0.243081
2694 0.307858 0.418079  0.274063
3906 0.125442 0.537286  0.337272
3099 0.39739 0.269178  0.333432
21 0.354283 0.567341  0.0783758
2350 0.436223 0.466378  0.0973982
3784 0.288033 0.562666  0.149301
2867 0.245195 0.413424  0.341382
6036 0.0567022 0.560269  0.383029
564 0.00587754 0.549494  0.444628
4067 0.309919 0.256814  0.433267
4613 0.40996 0.49583  0.0942106
1837 0.0469992 0.489689  0.463311
4429 0.254545 0.468039  0.277416
4560 0.535127 0.312052  0.152821
2589 0.750961 0.0896997  0.159339
5199 0.157062 0.674551  0.168387
5267 0.315422 0.304449  0.380129
2544 0.448811 0.108168  0.44302
2366 0.473951 0.380377  0.145672
2555 0.0148327 0.492073  0.493094
106 0.494214 0.126975  0.37881
471 0.36056 0.572541  0.0668991
3142 0.124395 0.192411  0.683194
2687 0.624707 0.224659  0.150634
3886 0.497498 0.0494941  0.453008
5489 0.14052 0.596595  0.262885
2306 0.4345 0.0295983  0.535902
2638 0.307078 0.203099  0.489823
4423 0.190988 0.506916  0.302096
1625 0.431179 0.171354  0.397467
5032 0.289086 0.456536  0.254378
1170 0.0739866 0.0658544  0.860159
1809 0.374971 0.0504938  0.574535
5655 0.157941 0.288322  0.553738
5982 0.291892 0.376319  0.331789
4201 0.201549 0.245791  0.552661
4985 0.219853 0.460891  0.319256
5362 0.0170361 0.57597  0.406994
3489 0.333361 0.333314  0.333325
5561 0.202087 0.360049  0.437864
2590 0.429195 0.141262  0.429543
1609 0.277908 0.275742  0.44635
3574 0.227942 0.753599  0.0184595
2557 0.592898 0.161691  0.245411
2876 0.504254 0.125823  0.369923
4609 0.181354 0.423874  0.394772
2549 0.257199 0.639484  0.103317
4322 0.561997 0.260792  0.177211
5490 0.240317 0.530694  0.228988
3321 0.647535 0.132358  0.220107
812 0.287755 0.491716  0.220528
5604 0.400011 0.300998  0.298991
2725 0.641145 0.104013  0.254842
4513 0.52164 0.0642827  0.414077
2046 0.234481 0.406833  0.358686
4830 0.153673 0.807697  0.0386296
2337 0.257759 0.159261  0.58298
3680 0.717683 0.126294  0.156023
5541 0.533064 0.24126  0.225676
2225 0.231466 0.342589  0.425945
4734 0.114247 0.464834  0.420919
552 0.31385 0.174789  0.511361
2017 0.202284 0.435143  0.362573
5471 0.272983 0.259448  0.467569
1541 0.538862 0.141873  0.319265
5703 0.609816 0.0796919  0.310492
6020 0.0798822 0.569989  0.350128
5095 0.406118 0.236362  0.357519
2447 0.277536 0.267513  0.45495
4387 0.179205 0.363605  0.45719
4568 0.62156 0.257914  0.120525
4097 0.400941 0.374559  0.224501
5475 0.420072 0.314701  0.265227
3854 0.403576 0.0584444  0.53798
5060 0.401591 0.278904  0.319505
1163 0.284037 0.334022  0.381941
5333 0.483477 0.0885518  0.427971
4431 0.408738 0.235596  0.355666
1941 0.608067 0.0326901  0.359243
3466 0.361665 0.304091  0.334244
2652 0.65193 0.074705  0.273365
5415 0.160469 0.474027  0.365505
3317 0.403102 0.207145  0.389753
905 0.405945 0.541699  0.0523559
1691 0.251519 0.368297  0.380184
5703 0.363054 0.105588  0.531358
4433 0.879874 0.105365  0.0147608
4547 0.376023 0.174714  0.449262
2114 0.093663 0.0261912  0.880146
3202 0.228574 0.232927  0.538498
2808 0.349151 0.537405  0.113444
149 0.260653 0.577966  0.161381
5715 0.242438 0.581912  0.175649
4279 0.544579 0.41263  0.0427916
1528 0.384481 0.21828  0.397238
2700 0.113642 0.44838  0.437977
5461 0.310331 0.315351  0.374318
1971 0.413272 0.272618  0.314111
1533 0.308674 0.0849741  0.606352
370 0.275853 0.232473  0.491674
3075 0.543707 0.0412392  0.415053
4031 0.243364 0.728793  0.0278434
3600 0.260651 0.318178  0.421171
2431 0.37711 0.234754  0.388136
3716 0.316323 0.170355  0.513322
1329 0.338148 0.489936  0.171917
1720 0.215755 0.58013  0.204115
5648 0.38293 0.168033  0.449037
5480 0.447158 0.23228  0.320563
5154 0.482759 0.244817  0.272424
5597 0.369235 0.458466  0.172298
4398 0.501747 0.295907  0.202346
918 0.741315 0.196278  0.0624068
2753 0.563704 0.28575  0.150546
4748 0.482925 0.133922  0.383153
681 0.339683 0.361659  0.298658
1956 0.281088 0.28199  0.436923
3812 0.233679 0.273184  0.493137
1024 0.193576 0.431391  0.375032
5665 0.0592286 0.101705  0.839067
2252 0.172514 0.617796  0.20969
3801 0.329687 0.536509  0.133804
243 0.37415 0.041818  0.584032
3511 0.102845 0.389432  0.507723
2778 0.413997 0.466722  0.119281
1051 0.491854 0.457612  0.0505337
1416 0.221161 0.0621915  0.716647
1324 0.206478 0.42467  0.368852
5485 0.349262 0.195476  0.455263
2635 0.28711 0.225979  0.486911
2554 0.449109 0.0267417  0.524149
271 0.377705 0.104955  0.51734
4245 0.48972 0.486015  0.024265
3410 0.449127 0.0274193  0.523454
5376 0.224577 0.270138  0.505285
5331 0.136598 0.125416  0.737986
5846 0.482053 0.134868  0.383079
2899 0.498678 0.180427  0.320895
1767 0.0351816 0.624433  0.340385
4054 0.253459 0.481014  0.265527
2450 0.492481 0.0454735  0.462046
3436 0.296737 0.332155  0.371108
1947 0.812631 0.085225  0.102144
2357 0.427123 0.274291  0.298586
2653 0.249966 0.0179836  0.732051
5588 0.434503 0.110671  0.454827
813 0.42905 0.438742  0.132208
1799 0.141743 0.183748  0.674509
349 0.0755242 0.425969  0.498507
48 0.201148 0.482681  0.31617
2038 0.268311 0.344547  0.387142
534 0.354215 0.0847237  0.561061
1450 0.319199 0.195199  0.485602
5869 0.323298 0.247398  0.429304
2838 0.637601 0.0555103  0.306889
864 0.119926 0.457486  0.422587
359 0.628424 0.159719  0.211857
4692 0.347267 0.133486  0.519248
1813 0.211055 0.487852  0.301093
5551 0.458319 0.269466  0.272215
1057 0.25611 0.326422  0.417469
1391 0.0195024 0.572701  0.407796
2982 0.2678 0.0147648  0.717435
1584 0.426054 0.53623  0.0377157
4731 0.742353 0.116188  0.14146
2615 0.27825 0.382689  0.339061
4985 0.319131 0.505803  0.175066
3156 0.467233 0.506877  0.0258892
5733 0.338108 0.44501  0.216881
5978 0.232099 0.0670489  0.700852
398 0.0855067 0.71292  0.201574
5588 0.0658838 0.609927  0.324189
2049 0.50056 0.467521  0.0319191
2830 0.494157 0.158311  0.347532
6047 0.342585 0.289299  0.368116
2698 0.369978 0.255755  0.374267
3399 0.434388 0.306108  0.259504
2552 0.119675 0.561292  0.319034
2219 0.332813 0.29819  0.368997
1769 0.647675 0.326446  0.0258786
198 0.676009 0.251948  0.0720433
2191 0.46793 0.0084483  0.523622
2920 0.501773 0.332041  0.166187
5567 0.734938 0.0573027  0.20776
5962 0.255779 0.43092  0.3133
2859 0.565528 0.285934  0.148538
2730 0.417337 0.125333  0.45733
4682 0.443243 0.226303  0.330455
2226 0.444852 0.154682  0.400465
4731 0.0872507 0.620619  0.29213
519 0.150361 0.220663  0.628976
2569 0.272621 0.171429  0.55595
1272 0.20062 0.671485  0.127895
5513 0.0627498 0.320486  0.616765
204 0.0633319 0.369959  0.566709
3800 0.487192 0.0390224  0.473786
1254 0.341382 0.262779  0.395839
657 0.295529 0.224538  0.479933
2206 0.301817 0.0722243  0.625959
6027 0.324571 0.37917  0.296259
2816 0.378088 0.240937  0.380975
6103 0.280782 0.186219  0.532999
146 0.625677 0.11657  0.257753
2867 0.310241 0.285154  0.404606
745 0.593458 0.391726  0.0148157
5661 0.564884 0.0715382  0.363578
2305 0.576965 0.335207  0.0878276
2340 0.408975 0.451656  0.13937
445 0.0448198 0.610732  0.344448
1359 0.263202 0.411064  0.325733
5186 0.150202 0.696598  0.1532
4318 0.358707 0.524515  0.116777
5871 0.24651 0.037457  0.716033
3610 0.438321 0.379011  0.182668
4971 0.282843 0.612325  0.104833
4547 0.361685 0.213668  0.424647
1552 0.265982 0.331733  0.402285
4359 0.454585 0.105552  0.439863
39 0.46646 0.278629  0.254911
1305 0.603619 0.303582  0.0927987
5421 0.506319 0.137356  0.356325
1205 0.070072 0.504753  0.425175
1701 0.560339 0.0603998  0.379261
2554 0.185837 0.411724  0.40244
2225 0.330809 0.273071  0.39612
5110 0.314363 0.29299  0.392647
2899 0.482553 0.506096  0.0113508
3786 0.200645 0.488439  0.310916
1806 0.256407 0.533983  0.20961
1638 0.146291 0.305656  0.548054
2550 0.386951 0.196208  0.416841
165 0.245725 0.0953567  0.658918
3694 0.491696 0.493112  0.0151922
2319 0.492584 0.359548  0.147868
5725 0.395911 0.235346  0.368743
1168 0.236426 0.424975  0.338599
5721 0.3654 0.559028  0.0755728
0 0.541325 0.0356894  0.422986
4929 0.168922 0.37233  0.458748
5248 0.153267 0.350828  0.495905
6089 0.167664 0.533221  0.299115
3809 0.363992 0.271132  0.364876
332 0.47083 0.270839  0.258332
5793 0.221814 0.431185  0.347001
451 0.363794 0.397398  0.238808
2593 0.314927 0.541776  0.143297
3724 0.508813 0.0229757  0.468211
2730 0.119428 0.408054  0.472518
2390 0.44157 0.471718  0.0867114
4342 0.12791 0.233844  0.638246
4806 0.592485 0.299263  0.108252
3611 0.379301 0.120708  0.499991
4122 0.489608 0.0187094  0.491683
3186 0.439662 0.375878  0.18446
3601 0.248739 0.52114  0.230121
1920 0.622183 0.162208  0.215609
707 0.317896 0.0644927  0.617611
1393 0.071124 0.516999  0.411877
1874 0.662049 0.179618  0.158333
4630 0.11399 0.364238  0.521773
3350 0.320307 0.313263  0.36643
5428 0.147536 0.322183  0.530281
1452 0.172914 0.438552  0.388533
1937 0.0695389 0.210593  0.719868
5743 0.168855 0.622284  0.20886
1203 0.321805 0.278691  0.399505
1616 0.239057 0.547415  0.213528
4479 0.388599 0.273499  0.337901
5485 0.257034 0.375837  0.36713
1099 0.385441 0.345118  0.269441
825 0.33742 0.441324  0.221256
4241 0.606325 0.356718  0.036957
756 0.32673 0.275964  0.397306
4467 0.331951 0.45622  0.211829
4270 0.380237 0.323191  0.296572
5481 0.165112 0.598711  0.236176
2994 0.471997 0.0835719  0.444431
4526 0.153106 0.358245  0.488649
3729 0.334407 0.44083  0.224764
496 0.511885 0.0586448  0.42947
5551 0.0787833 0.17615  0.745067
4139 0.563485 0.239518  0.196998
1138 0.278635 0.128461  0.592904
2416 0.262672 0.394323  0.343005
2112 0.21653 0.182527  0.600943
3879 0.420761 0.120266  0.458972
2635 0.36763 0.360836  0.271534
5692 0.281813 0.232261  0.485926
2711 0.484441 0.164003  0.351556
5433 0.0533785 0.926886  0.0197351
2631 0.362646 0.160812  0.476543
3004 0.0996859 0.642578  0.257736
6030 0.25317 0.354143  0.392686
2297 0.295464 0.254819  0.449718
3609 0.340498 0.0593091  0.600192
41 0.317509 0.607673  0.0748184
4493 0.418897 0.453467  0.127635
4414 0.346068 0.296928  0.357004
2583 0.365896 0.347694  0.28641
2771 0.562747 0.0958906  0.341362
2596 0.397045 0.0997224  0.503233
328 0.620557 0.11932  0.260124
4604 0.126536 0.495784  0.37768
2973 0.270566 0.240841  0.488592
2018 0.270215 0.377518  0.352267
795 0.11268 0.267166  0.620154
5963 0.340693 0.222181  0.437126
4609 0.435918 0.435895  0.128187
2367 0.155697 0.191446  0.652857
4375 0.395293 0.482397  0.12231
1670 0.298344 0.277446  0.424211
5093 0.437614 0.236823  0.325564
4520 0.229141 0.423903  0.346956
5082 0.431928 0.107618  0.460454
4412 0.166378 0.490897  0.342725
5754 0.29947 0.430632  0.269898
2352 0.366149 0.440778  0.193073
2801 0.475751 0.40574  0.118509
5075 0.369321 0.0879187  0.54276
2553 0.222943 0.534526  0.242532
5658 0.260283 0.155828  0.583889
1150 0.258962 0.444636  0.296402
2973 0.28504 0.444949  0.270011
5992 0.120583 0.251598  0.627819
1951 0.553861 0.172039  0.2741
6096 0.67637 0.286752  0.0368786
1238 0.146995 0.618483  0.234522
5557 0.534886 0.141431  0.323683
2079 0.402023 0.312162  0.285815
647 0.661816 0.165769  0.172414
872 0.491139 0.0337617  0.4751
108 0.338841 0.274294  0.386865
2760 0.782119 0.148627  0.0692541
2283 0.482492 0.411325  0.106183
37 0.47173 0.451476  0.076795
2917 0.459316 0.31987  0.220815
4697 0.329757 0.0229513  0.647292
4597 0.589876 0.0834108  0.326714
5973 0.218938 0.631827  0.149235
5182 0.393146 0.0145945  0.59226
1747 0.26115 0.244491  0.494359
2399 0.497002 0.293145  0.209853
5826 0.515801 0.376552  0.107648
3748 0.72446 0.244095  0.0314455
2658 0.390353 0.365023  0.244624
961 0.117834 0.412282  0.469884
2494 0.321003 0.330353  0.348644
3067 0.126175 0.484877  0.388948
3161 0.282048 0.398439  0.319513
4765 0.428715 0.288743  0.282542
5959 0.459745 0.531148  0.00910704
4770 0.075194 0.332277  0.592529
1343 0.158919 0.547204  0.293876
3594 0.28092 0.643806  0.0752746
485 0.37507 0.434682  0.190247
5453 0.394891 0.113891  0.491218
1379 0.733104 0.0648093  0.202086
0 0.235818 0.547788  0.216394
4667 0.452605 0.0250903  0.522305
5366 0.349653 0.436219  0.214127
1973 0.376567 0.319965  0.303468
807 0.190103 0.605754  0.204142
4248 0.75428 0.0895093  0.156211
2476 0.358661 0.169057  0.472281
5018 0.291977 0.316039  0.391984
2668 0.161618 0.20498  0.633402
2825 0.176485 0.463087  0.360429
2010 0.263804 0.306063  0.430133
2181 0.579074 0.269728  0.151199
4023 0.408744 0.370101  0.221155
5429 0.26911 0.606865  0.124025
2255 0.55335 0.311169  0.135481
2624 0.181728 0.677861  0.140411
2804 0.51127 0.479065  0.00966427
2648 0.293085 0.579413  0.127503
6128 0.239998 0.544077  0.215925
2813 0.642177 0.269351  0.0884722
1217 0.352588 0.436127  0.211285
4834 0.0208569 0.449306  0.529837
5181 0.0736208 0.437986  0.488393
6110 0.392759 0.290713  0.316528
329 0.258885 0.321818  0.419298
2415 0.238817 0.0920688  0.669114
5929 0.847167 0.0828378  0.0699948
808 0.0960684 0.713071  0.19086
4046 0.592463 0.352287  0.0552498
289 0.84583 0.0286429  0.125527
775 0.310731 0.172024  0.517245
4518 0.139444 0.171782  0.688774
932 0.531279 0.160852  0.307869
3185 0.329042 0.441173  0.229785
5008 0.38225 0.150406  0.467344
5468 0.405262 0.0625332  0.532205
75 0.443885 0.530972  0.0251432
972 0.210498 0.497608  0.291894
2327 0.442073 0.249451  0.308476
2791 0.253632 0.365752  0.380616
1637 0.390711 0.399146  0.210143
680 0.247248 0.537697  0.215055
4960 0.451289 0.488131  0.06058
4540 0.324466 0.301397  0.374137
4819 0.015118 0.439821  0.545061
1758 0.215425 0.0905337  0.694041
653 0.199504 0.322499  0.477996
5934 0.12932 0.650467  0.220213
1454 0.578582 0.196912  0.224506
5542 0.356236 0.376246  0.267518
5713 0.604882 0.202398  0.19272
3462 0.452389 0.194151  0.35346
4972 0.0181616 0.607746  0.374092
3196 0.173738 0.539553  0.286709
527 0.390005 0.139798  0.470197
4846 0.242169 0.539313  0.218518
1400 0.426264 0.370439  0.203297
822 0.265788 0.355425  0.378787
2737 0.263924 0.4741  0.261976
886 0.334412 0.17211  0.493478
4230 0.486174 0.329992  0.183834
4792 0.522568 0.16703  0.310402
4045 0.201758 0.544754  0.253488
3174 0.241568 0.421562  0.33687
3424 0.395299 0.501901  0.102799
2258 0.397834 0.200695  0.401471
2579 0.376375 0.594013  0.0296121
1058 0.271499 0.401169  0.327332
1731 0.373692 0.282892  0.343416
4182 0.33859 0.231572  0.429838
3394 0.258514 0.359668  0.381818
4204 0.328799 0.361815  0.309386
458 0.191059 0.437992  0.370948
4648 0.513447 0.371991  0.114561
4794 0.585717 0.0844348  0.329848
5663 0.25045 0.340616  0.408935
4563 0.508528 0.238597  0.252875
2434 0.438456 0.16521  0.396334
2644 0.627251 0.35112  0.0216283
2114 0.0680722 0.425002  0.506926
1036 0.130568 0.726518  0.142914
3032 0.325778 0.329727  0.344495
3067 0.357861 0.567741  0.0743982
6092 0.268046 0.372215  0.359739
97 0.0624714 0.0917828  0.845746
2688 0.108247 0.205258  0.686494
3177 0.333241 0.207716  0.459043
5476 0.464098 0.332963  0.202939
2037 0.0944374 0.267851  0.637712
1845 0.163869 0.44176  0.394371
20 0.618741 0.218999  0.16226
2935 0.279066 0.397257  0.323677
3309 0.0254331 0.310462  0.664105
2769 0.551341 0.12127  0.327389
1974 0.367385 0.32432  0.308295
44 0.44578 0.30851  0.24571
3533 0.463706 0.0926389  0.443655
538 0.0949766 0.580134  0.32489
5281 0.451458 0.16137  0.387172
2169 0.438093 0.0079098  0.553998
2064 0.359109 0.371826  0.269065
5267 0.300636 0.364928  0.334437
766 0.34428 0.353968  0.301752
3254 0.247571 0.395219  0.35721
2116 0.397058 0.416156  0.186786
1622 0.38604 0.320575  0.293385
4751 0.854514 0.0934822  0.0520041
1826 0.341076 0.268969  0.389954
3723 0.357613 0.292222  0.350165
2617 0.0471804 0.558728  0.394092
4841 0.375798 0.34537  0.278832
2312 0.487036 0.212504  0.30046
5214 0.425263 0.336797  0.23794
2549 0.472994 0.14463  0.382376
4632 0.269531 0.458979  0.27149
4728 0.0946894 0.470346  0.434965
4501 0.113856 0.593241  0.292903
5311 0.115464 0.47106  0.413477
2063 0.485464 0.344771  0.169765
3961 0.594408 0.156062  0.24953
2928 0.29653 0.241164  0.462306
128 0.475199 0.0321131  0.492688
3980 0.300937 0.288359  0.410703
3140 0.223912 0.510704  0.265384
2721 0.37733 0.376359  0.246311
2212 0.743092 0.0144036  0.242505
2804 0.129081 0.466361  0.404558
5250 0.248643 0.347135  0.404223
2801 0.475185 0.244616  0.280199
5398 0.385077 0.124447  0.490476
4565 0.294835 0.579799  0.125366
223 0.137935 0.525252  0.336813
2784 0.39953 0.229507  0.370964
5522 0.0851668 0.464592  0.450242
2961 0.317156 0.365468  0.317376
5963 0.493378 0.38338  0.123241
1604 0.163951 0.57908  0.256969
4381 0.412393 0.385387  0.20222
5328 0.220774 0.345466  0.43376
5764 0.174393 0.34344  0.482167
4194 0.447535 0.189051  0.363414
5036 0.372771 0.289776  0.337453
4461 0.280882 0.245089  0.474029
4507 0.0759245 0.333588  0.590487
4173 0.464573 0.190136  0.345291
1337 0.391631 0.243405  0.364963
2887 0.031515 0.700917  0.267568
5968 0.546774 0.144044  0.309182
3138 0.646997 0.239384  0.113618
6073 0.260009 0.385937  0.354054
2355 0.188902 0.752566  0.0585325
6136 0.391948 0.409937  0.198115
3605 0.290017 0.283319  0.426664
384 0.170035 0.429446  0.400519
1663 0.26995 0.428678  0.301371
6030 0.523925 0.223427  0.252648
4336 0.480437 0.188816  0.330747
756 0.16196 0.274281  0.563759
5688 0.241405 0.365918  0.392677
418 0.497337 0.0189862  0.483677
1055 0.311011 0.126809  0.56218
2338 0.174817 0.779591  0.0455928
4547 0.282505 0.236234  0.481262
4183 0.167224 0.525697  0.307079
3071 0.425501 0.426899  0.1476
6062 0.115901 0.70406  0.180039
1129 0.307667 0.190231  0.502103
1656 0.298079 0.0635992  0.638322
4660 0.148345 0.0662683  0.785386
5812 0.568269 0.371898  0.0598327
2772 0.0256692 0.477756  0.496575
566 0.626788 0.143951  0.229261
1869 0.468953 0.470079  0.0609677
3362 0.345983 0.292874  0.361142
3269 0.0377779 0.467111  0.495111
1472 0.370709 0.557659  0.0716314
4086 0.238633 0.474296  0.28707
1226 0.365366 0.399005  0.235629
5595 0.243622 0.460074  0.296304
385 0.338309 0.084213  0.577478
2554 0.452241 0.510223  0.0375366
463 0.5739 0.0451082  0.380991
71 0.283118 0.24513  0.471753
4870 0.153808 0.293443  0.552749
590 0.343374 0.300592  0.356034
5052 0.429341 0.258153  0.312506
2532 0.272176 0.323141  0.404683
2166 0.398113 0.287353  0.314535
3672 0.137035 0.750357  0.112609
727 0.484223 0.373939  0.141838
4348 0.0639752 0.82432  0.111705
2729 0.40662 0.0827316  0.510649
1255 0.453674 0.214386  0.331939
6092 0.566364 0.370509  0.0631269
2660 0.255019 0.286086  0.458895
3526 0.292153 0.326497  0.38135
4079 0.0875078 0.831848  0.0806438
3289 0.850031 0.0296914  0.120277
3498 0.20393 0.511005  0.285066
571 0.185751 0.426303  0.387945
1914 0.430102 0.0167877  0.55311
3666 0.471518 0.0404768  0.488005
6082 0.266668 0.0531257  0.680206
1573 0.0787704 0.261327  0.659903
3223 0.498098 0.14192  0.359982
2422 0.392404 0.219758  0.387839
382 0.535429 0.171854  0.292718
5371 0.347879 0.271862  0.38026
1438 0.606605 0.143632  0.249763
3571 0.177059 0.126379  0.696562
4023 0.154326 0.362696  0.482978
830 0.142764 0.303958  0.553278
4104 0.0718964 0.15829  0.769814
4573 0.26406 0.455562  0.280378
5663 0.516672 0.468344  0.0149842
23 0.234976 0.40151  0.363514
4765 0.342801 0.565831  0.0913673
4507 0.472598 0.0918677  0.435535
955 0.243211 0.609717  0.147072
5592 0.488106 0.140553  0.371342
320 0.0975507 0.519499  0.38295
3571 0.473047 0.200162  0.326791
4466 0.371584 0.362187  0.266229
4157 0.407154 0.273587  0.31926
2001 0.403762 0.468118  0.12812
2441 0.332664 0.16252  0.504816
141 0.515686 0.0677955  0.416519
2415 0.420725 0.133673  0.445602
1717 0.151767 0.451374  0.396859
2804 0.532415 0.273507  0.194078
4623 0.0533711 0.379041  0.567588
510 0.582753 0.163678  0.253569
2746 0.431191 0.326768  0.242041
3066 0.0974113 0.666199  0.236389
5388 0.754226 0.166121  0.0796526
2677 0.343353 0.222544  0.434103
722 0.0404374 0.518863  0.4407
695 0.318048 0.31542  0.366532
3325 0.365935 0.311352  0.322713
2699 0.549298 0.414086  0.0366155
5503 0.247248 0.452072  0.30068
5445 0.53803 0.36029  0.101679
2215 0.0474952 0.784914  0.167591
969 0.196423 0.406641  0.396936
3936 0.47907 0.203268  0.317662
1780 0.473259 0.171671  0.355069
4519 0.375208 0.541485  0.0833067
675 0.427662 0.262984  0.309354
3254 0.426372 0.429899  0.143729
3584 0.162301 0.41199  0.425709
5280 0.292256 0.392961  0.314782
2286 0.425582 0.412542  0.161877
2979 0.468526 0.300118  0.231356
41 0.126074 0.51154  0.362385
4084 0.211809 0.424137  0.364054
4986 0.317306 0.263998  0.418696
2308 0.338082 0.260775  0.401143
2725 0.54702 0.212567  0.240414
1964 0.331124 0.261505  0.40737
1609 0.587704 0.157566  0.254731
3183 0.568801 0.0783066  0.352892
2754 0.410407 0.434339  0.155255
1270 0.503428 0.415921  0.0806509
5403 0.191052 0.0286017  0.780346
5234 0.154941 0.223073  0.621986
5654 0.456761 0.189551  0.353689
580 0.267239 0.43901  0.293751
3937 0.176869 0.518375  0.304756
637 0.101512 0.644959  0.253529
5933 0.133976 0.517205  0.348819
1945 0.508242 0.315625  0.176133
3124 0.520925 0.185156  0.293919
1747 0.851222 0.0967629  0.0520154
427 0.351188 0.352665  0.296147
2735 0.372426 0.543961  0.0836132
2074 0.156541 0.328833  0.514626
2702 0.441391 0.465159  0.0934499
5255 0.409333 0.385358  0.205309
5827 0.102243 0.546975  0.350782
1757 0.254353 0.242271  0.503376
1177 0.227925 0.655262  0.116813
4500 0.134561 0.0272522  0.838186
5553 0.324841 0.324136  0.351023
4681 0.521527 0.119881  0.358592
3239 0.271274 0.0906177  0.638108
2509 0.026752 0.605026  0.368222
4377 0.564583 0.195634  0.239783
2563 0.3205 0.437184  0.242316
54 0.561418 0.133397  0.305185
4887 0.385244 0.213929  0.400828
1066 0.467219 0.0966349  0.436147
1332 0.0723692 0.627354  0.300277
2513 0.297483 0.526299  0.176218
1888 0.0671934 0.79147  0.141337
3458 0.203706 0.577573  0.218721
3013 0.278144 0.0772291  0.644627
5797 0.210777 0.363475  0.425748
5409 0.582607 0.207525  0.209868
662 0.210837 0.338289  0.450875
6087 0.477996 0.367114  0.15489
4252 0.131284 0.281226  0.58749
4851 0.355987 0.442854  0.201159
3426 0.286083 0.622711  0.0912058
5708 0.252347 0.216048  0.531605
3611 0.0682636 0.17863  0.753106
5867 0.47524 0.333428  0.191332
431 0.19261 0.670625  0.136765
1969 0.0535016 0.421725  0.524773
4482 0.227533 0.429623  0.342845
5647 0.172857 0.402686  0.424457
4045 0.161556 0.419953  0.41849
4122 0.679491 0.0466092  0.2739
1351 0.155603 0.48558  0.358817
2611 0.551216 0.400228  0.0485565
3066 0.665321 0.0541912  0.280488
457 0.351036 0.597573  0.0513904
5439 0.374398 0.30962  0.315983
2865 0.553396 0.284814  0.161791
2379 0.0636708 0.790527  0.145802
5122 0.450033 0.463116  0.0868508
3789 0.39436 0.322178  0.283462
24 0.42555 0.127261  0.447188
3658 0.102797 0.312099  0.585104
2484 0.370333 0.234013  0.395653
1775 0.380479 0.0992155  0.520305
715 0.342341 0.393087  0.264572
3578 0.0966909 0.178498  0.724811
3677 0.497224 0.270529  0.232247
4482 0.478828 0.484858  0.036314
2554 0.495711 0.405856  0.0984328
3493 0.438297 0.452948  0.108756
170 0.390479 0.0806258  0.528895
6138 0.0346573 0.477502  0.487841
2189 0.773771 0.184714  0.0415153
1915 0.345647 0.495585  0.158768
6019 0.44251 0.140529  0.416961
4210 0.40513 0.106124  0.488746
2646 0.358485 0.0530615  0.588454
4829 0.20291 0.524671  0.272419
3186 0.536119 0.180163  0.283718
3767 0.347952 0.222885  0.429162
2518 0.512967 0.134545  0.352487
2272 0.3076 0.0932126  0.599187
4998 0.105574 0.359476  0.53495
3393 0.320694 0.218183  0.461123
6082 0.430834 0.551216  0.0179496
2860 0.386583 0.368947  0.244471
1991 0.423038 0.530726  0.0462355
242 0.0701913 0.445607  0.484202
490 0.0769198 0.195458  0.727622
1312 0.536248 0.337341  0.126411
3797 0.467718 0.0130526  0.519229
5453 0.593254 0.0824531  0.324293
5325 0.593031 0.13066  0.276309
2588 0.343355 0.291668  0.364977
2178 0.438298 0.148911  0.41279
5167 0.401144 0.320537  0.278319
4272 0.452949 0.145185  0.401866
4381 0.323927 0.445451  0.230623
5107 0.234683 0.341244  0.424073
3455 0.200491 0.333357  0.466152
4839 0.431563 0.187295  0.381143
1102 0.115265 0.00955291  0.875182
179 0.533217 0.362178  0.104605
5332 0.397779 0.351195  0.251026
3466 0.0658819 0.187697  0.746421
5416 0.228298 0.461609  0.310092
4399 0.54387 0.0357539  0.420376
3927 0.260856 0.288558  0.450587
4312 0.531069 0.0607692  0.408162
1910 0.043044 0.39119  0.565766
2776 0.136939 0.561423  0.301638
1995 0.54688 0.436421  0.0166992
5762 0.346532 0.33133  0.322138
4011 0.340644 0.534134  0.125222
4553 0.617201 0.0915417  0.291257
2862 0.383273 0.164314  0.452414
2111 0.0437573 0.438435  0.517808
6098 0.298807 0.273522  0.427671
4842 0.296756 0.17278  0.530463
808 0.411355 0.464533  0.124112
2672 0.0498479 0.529467  0.420685
3902 0.221313 0.342121  0.436566
4105 0.164539 0.3828  0.452661
4526 0.321785 0.0576506  0.620565
3944 0.340937 0.337652  0.321411
5674 0.166413 0.514444  0.319143
1699 0.257108 0.389606  0.353286
4951 0.56912 0.0469143  0.383966
4387 0.551844 0.0427819  0.405374
5933 0.176963 0.307955  0.515082
6051 0.198862 0.726513  0.0746254
5810 0.508967 0.015941  0.475092
5840 0.39229 0.312729  0.294981
2132 0.409083 0.0449343  0.545983
1806 0.491248 0.010557  0.498195
3588 0.0548786 0.551339  0.393782
5865 0.389632 0.172678  0.43769
6097 0.585817 0.186031  0.228151
1402 0.104154 0.285632  0.610213
3964 0.538314 0.426503  0.0351827
4366 0.236605 0.50536  0.258035
1903 0.937337 0.0403756  0.0222874
5304 0.461389 0.234184  0.304427
5754 0.566951 0.40629  0.0267583
2158 0.502033 0.460356  0.0376111
1272 0.310594 0.149732  0.539674
2497 0.414552 0.185529  0.399919
975 0.349519 0.150358  0.500123
5641 0.449858 0.493162  0.0569795
3008 0.654209 0.141603  0.204189
3298 0.561993 0.195349  0.242658
3551 0.155327 0.4284  0.416273
1907 0.280951 0.0494947  0.669554
4784 0.427949 0.289933  0.282117
3363 0.639761 0.096992  0.263248
396 0.603289 0.0352696  0.361441
2677 0.310759 0.300124  0.389117
5570 0.0559005 0.790137  0.153962
2160 0.324553 0.557763  0.117684
4320 0.462862 0.433683  0.103455
237 0.00744378 0.568083  0.424473
4422 0.44958 0.213806  0.336614
2621 0.113158 0.181961  0.70488
1951 0.279976 0.253961  0.466063
3958 0.389144 0.446039  0.164817
309 0.126313 0.287958  0.585728
1907 0.51037 0.287238  0.202392
4604 0.3502 0.282151  0.367649
4418 0.29015 0.0128552  0.696995
2235 0.318207 0.356495  0.325298
5221 0.343406 0.291787  0.364808
4623 0.37787 0.417677  0.204453
1748 0.124262 0.411398  0.46434
1622 0.150763 0.634552  0.214685
964 0.3999 0.0413416  0.558759
2519 0.337449 0.237984  0.424567
3880 0.35689 0.569692  0.0734184
1768 0.163019 0.496396  0.340585
4786 0.450573 0.304747  0.24468
4016 0.387929 0.477327  0.134744
2189 0.693785 0.134903  0.171312
1761 0.32632 0.185695  0.487985
2959 0.317087 0.12961  0.553303
233 0.107844 0.608867  0.28329
2534 0.480189 0.107215  0.412596
771 0.280075 0.222635  0.49729
4963 0.816419 0.147413  0.0361674
3273 0.500955 0.476794  0.0222508
2294 0.11265 0.664555  0.222795
1548 0.369851 0.0438792  0.58627
5919 0.166047 0.477208  0.356746
4104 0.0635377 0.369734  0.566728
325 0.549924 0.233052  0.217025
2796 0.426179 0.297319  0.276502
1307 0.276358 0.49287  0.230772
4416 0.369911 0.232719  0.39737
4651 0.619661 0.200078  0.180261
4431 0.268171 0.291057  0.440772
1371 0.242824 0.404672  0.352504
5992 0.453411 0.41574  0.130849
837 0.0970317 0.837436  0.0655323
2632 0.305297 0.276328  0.418375
3907 0.279308 0.429846  0.290846
4019 0.0748532 0.585205  0.339941
2561 0.39569 0.511923  0.092386
925 0.291411 0.618734  0.0898548
3493 0.232344 0.325768  0.441889
6107 0.260218 0.19643  0.543352
3438 0.227188 0.484882  0.28793
4479 0.353638 0.235081  0.411281
2584 0.348056 0.375032  0.276912
3804 0.285695 0.332934  0.38137
2436 0.353161 0.302497  0.344342
2550 0.479277 0.0372014  0.483522
4533 0.280417 0.0748993  0.644684
587 0.305868 0.642716  0.051416
3849 0.114704 0.497099  0.388196
2467 0.300237 0.11402  0.585743
1406 0.256885 0.502973  0.240142
2083 0.340984 0.500524  0.158492
5587 0.327072 0.471139  0.201789
4209 0.0925912 0.460644  0.446765
722 0.467168 0.209157  0.323675
1502 0.127627 0.587962  0.284411
5354 0.421607 0.493613  0.08478
3324 0.397531 0.557469  0.0449996
3007 0.450638 0.243849  0.305513
5086 0.358249 0.504797  0.136954
3660 0.85584 0.063755  0.0804055
4854 0.0550586 0.296535  0.648407
5928 0.666562 0.0207931  0.312645
4494 0.30702 0.0492633  0.643717
4862 0.582142 0.0739472  0.34391
2171 0.199012 0.4347  0.366287
2785 0.32389 0.327198  0.348913
2926 0.340803 0.254614  0.404582
3859 0.28422 0.553122  0.162658
