3030 0.15972 0.239459  0.600821
1661 0.204309 0.331872  0.46382
5007 0.474929 0.223796  0.301275
624 0.38872 0.203338  0.407942
2586 0.636675 0.0691154  0.29421
7679 0.328488 0.370016  0.301495
10674 0.105015 0.414463  0.480522
7570 0.340275 0.382332  0.277393
6710 0.346981 0.0818285  0.571191
10065 0.148414 0.661971  0.189615
7072 0.161286 0.427813  0.410901
1982 0.126094 0.270074  0.603833
2121 0.325955 0.266844  0.407201
2485 0.340687 0.0517563  0.607557
9987 0.209048 0.405238  0.385714
6683 0.614933 0.324975  0.0600915
10456 0.278301 0.367609  0.35409
3815 0.612219 0.345425  0.0423566
2033 0.410498 0.449873  0.139629
8263 0.325016 0.362766  0.312217
9580 0.313162 0.234035  0.452803
2074 0.455458 0.192258  0.352283
696 0.0233034 0.718996  0.2577
5306 0.269746 0.665305  0.0649492
926 0.249232 0.358364  0.392403
11592 0.341024 0.16567  0.493306
6302 0.652538 0.0375372  0.309925
9695 0.289854 0.511896  0.198251
4025 0.36929 0.487751  0.142959
6157 0.231864 0.0261435  0.741992
9796 0.23118 0.391618  0.377201
5437 0.417997 0.273254  0.30875
7292 0.0161238 0.391868  0.592008
10011 0.502552 0.427968  0.0694798
2102 0.186151 0.250364  0.563485
9808 0.380821 0.125571  0.493608
5877 0.301098 0.52784  0.171062
4173 0.46117 0.227997  0.310833
10917 0.46932 0.0519671  0.478713
9754 0.200193 0.591706  0.2081
4307 0.382259 0.278454  0.339286
2224 0.26558 0.17453  0.55989
758 0.553415 0.374785  0.0717996
11922 0.205736 0.683627  0.110638
8304 0.215222 0.643052  0.141726
2588 0.247095 0.126379  0.626526
701 0.426087 0.516867  0.0570463
971 0.421087 0.185395  0.393518
11259 0.368777 0.503585  0.127638
9128 0.0462721 0.384395  0.569333
8756 0.643153 0.204599  0.152247
6392 0.11112 0.393241  0.495639
10319 0.150008 0.478247  0.371744
5011 0.305574 0.352334  0.342092
2891 0.414971 0.34983  0.235198
503 0.110471 0.496273  0.393256
10261 0.735179 0.0327064  0.232114
3179 0.0162692 0.968117  0.0156142
11407 0.465944 0.0980232  0.436033
1375 0.413476 0.301476  0.285048
8292 0.538184 0.0653278  0.396488
2380 0.49349 0.309608  0.196902
9147 0.47266 0.384852  0.142489
12046 0.498207 0.167087  0.334706
11947 0.27696 0.49152  0.231519
3867 0.338572 0.362291  0.299137
6593 0.218176 0.217573  0.564251
5186 0.397545 0.317316  0.285139
736 0.422036 0.359008  0.218956
12445 0.111776 0.393603  0.494621
7625 0.419677 0.380998  0.199324
7136 0.534133 0.161276  0.304591
2049 0.602906 0.36695  0.0301443
3957 0.495499 0.300211  0.204291
7119 0.471394 0.203043  0.325564
4562 0.377724 0.604879  0.0173972
1152 0.738112 0.233702  0.0281861
6595 0.462064 0.184837  0.353098
10815 0.276984 0.30557  0.417446
6863 0.296654 0.44657  0.256776
9275 0.0971108 0.269637  0.633252
7212 0.194574 0.519935  0.285491
6421 0.214549 0.332537  0.452914
3241 0.174244 0.0161349  0.809621
3045 0.485787 0.148727  0.365486
10939 0.238282 0.306781  0.454937
10045 0.365684 0.146479  0.487837
7004 0.517523 0.212742  0.269735
5772 0.126512 0.410756  0.462731
9576 0.118444 0.232226  0.64933
12046 0.574162 0.087267  0.338571
7329 0.338861 0.377954  0.283185
2515 0.114479 0.459378  0.426143
5389 0.186282 0.563117  0.250601
2570 0.299826 0.364427  0.335747
12257 0.253656 0.189203  0.557141
4077 0.361572 0.594163  0.0442655
3799 0.50002 0.0996234  0.400356
5304 0.421424 0.513237  0.0653389
11597 0.357001 0.257592  0.385407
9211 0.148658 0.354871  0.496471
11962 0.169524 0.24161  0.588866
9420 0.138898 0.346133  0.51497
12172 0.497945 0.130794  0.371261
9112 0.179463 0.359779  0.460759
3528 0.42769 0.449993  0.122317
6034 0.261407 0.435002  0.303591
3982 0.195668 0.382045  0.422288
3695 0.143795 0.342911  0.513294
4306 0.0399646 0.442884  0.517151
2348 0.0116669 0.813979  0.174354
4662 0.255685 0.596343  0.147972
6333 0.347789 0.304318  0.347894
2497 0.272144 0.65604  0.071816
876 0.21482 0.497368  0.287812
9439 0.567792 0.268056  0.164152
8787 0.533042 0.0303174  0.436641
7101 0.380554 0.275837  0.34361
9087 0.387806 0.145093  0.467101
11313 0.235437 0.340638  0.423925
5526 0.531697 0.011878  0.456425
2721 0.0646833 0.630178  0.305139
1918 0.471508 0.427713  0.10078
2875 0.179923 0.436665  0.383412
5123 0.79075 0.0288137  0.180436
4218 0.610468 0.275599  0.113933
3080 0.616277 0.328886  0.0548367
2443 0.588398 0.255857  0.155745
6486 0.172343 0.549066  0.278591
4366 0.299388 0.355805  0.344806
6687 0.437929 0.380999  0.181072
11013 0.347258 0.123333  0.529408
604 0.369147 0.317405  0.313449
11691 0.308224 0.478999  0.212776
8907 0.0884975 0.368636  0.542867
1337 0.0148448 0.483186  0.501969
7825 0.264842 0.305619  0.429539
1342 0.200687 0.315165  0.484147
1188 0.217623 0.522448  0.259928
8404 0.129639 0.499796  0.370565
4218 0.300333 0.499085  0.200582
9413 0.416512 0.0944912  0.488997
4176 0.0767894 0.277461  0.645749
11141 0.345394 0.262866  0.39174
1933 0.417994 0.384986  0.19702
11954 0.258746 0.1623  0.578954
11546 0.106277 0.457874  0.43585
1345 0.548659 0.0889213  0.36242
6046 0.457484 0.368491  0.174025
12090 0.135646 0.518925  0.34543
926 0.287471 0.111984  0.600545
9144 0.192462 0.314031  0.493507
11304 0.348261 0.523608  0.128131
6202 0.204974 0.239817  0.555209
3247 0.553349 0.280654  0.165997
7004 0.0962311 0.511227  0.392541
10594 0.452991 0.415731  0.131278
756 0.226414 0.457551  0.316035
8861 0.228309 0.372803  0.398888
11119 0.0856617 0.896005  0.0183328
119 0.102109 0.538718  0.359173
2984 0.480587 0.313573  0.205839
940 0.49587 0.381999  0.122131
9202 0.395757 0.360269  0.243974
12176 0.287532 0.436531  0.275937
3247 0.355553 0.0473244  0.597123
5115 0.497951 0.112881  0.389169
5709 0.33901 0.574694  0.0862961
415 0.45616 0.163798  0.380042
1122 0.154246 0.223756  0.621998
4947 0.172995 0.352957  0.474048
5956 0.548891 0.220577  0.230533
2438 0.0556711 0.388923  0.555406
92 0.302875 0.476312  0.220813
11083 0.524629 0.259456  0.215914
8587 0.198412 0.470004  0.331583
1580 0.129378 0.0535413  0.81708
7746 0.086695 0.384324  0.528981
8049 0.0691084 0.571503  0.359389
11485 0.240162 0.592585  0.167253
3460 0.368773 0.412439  0.218788
3995 0.430625 0.122843  0.446532
10091 0.463139 0.247895  0.288966
9266 0.602045 0.213066  0.18489
5946 0.0831093 0.321437  0.595454
11485 0.611233 0.0398621  0.348905
3143 0.306517 0.456876  0.236607
12368 0.385798 0.344794  0.269408
10657 0.226212 0.285284  0.488505
567 0.223565 0.465687  0.310748
511 0.290521 0.401913  0.307566
3438 0.402176 0.244207  0.353617
8710 0.402337 0.326901  0.270762
2871 0.325972 0.0281658  0.645863
6776 0.271571 0.239038  0.489392
1259 0.446945 0.223214  0.329841
10420 0.295872 0.293422  0.410706
1885 0.0193252 0.791768  0.188907
1293 0.405967 0.284714  0.309319
3726 0.182159 0.452945  0.364896
5713 0.0992138 0.657489  0.243298
1398 0.256504 0.0401735  0.703322
12257 0.0873336 0.471389  0.441278
3686 0.242593 0.27882  0.478586
6659 0.522365 0.333732  0.143903
10776 0.474137 0.352655  0.173208
4639 0.323826 0.480548  0.195625
10595 0.421879 0.261944  0.316178
2596 0.304609 0.343663  0.351728
6743 0.105128 0.299878  0.594994
5431 0.359253 0.336721  0.304025
8231 0.111555 0.479078  0.409367
11324 0.443596 0.444764  0.11164
11234 0.139043 0.481125  0.379833
7550 0.38911 0.256246  0.354644
12429 0.253483 0.274696  0.471821
734 0.248895 0.564217  0.186889
6237 0.482959 0.419993  0.0970481
11999 0.281008 0.126266  0.592726
569 0.0112233 0.44009  0.548687
4937 0.376321 0.260082  0.363597
4769 0.354951 0.284267  0.360782
824 0.12946 0.531741  0.338799
8521 0.368098 0.174742  0.457159
8633 0.506629 0.218367  0.275004
4512 0.355932 0.351147  0.292921
7592 0.142257 0.479503  0.378239
430 0.187213 0.123273  0.689514
11718 0.165327 0.322181  0.512492
72 0.553995 0.217833  0.228172
555 0.330553 0.419096  0.250351
10249 0.609561 0.356306  0.0341337
7778 0.332204 0.316462  0.351334
11015 0.401639 0.165576  0.432786
8492 0.479474 0.385709  0.134817
5336 0.654312 0.0704154  0.275273
7070 0.430226 0.23136  0.338414
10298 0.336094 0.512938  0.150968
1492 0.075375 0.564078  0.360547
3651 0.126173 0.069183  0.804644
3608 0.586448 0.362039  0.0515122
204 0.1658 0.383467  0.450733
663 0.331385 0.229708  0.438907
10212 0.544885 0.0384219  0.416693
2184 0.482336 0.116251  0.401413
3980 0.381555 0.445345  0.173099
7327 0.214126 0.242217  0.543657
2407 0.422866 0.459679  0.117456
6878 0.447004 0.184047  0.368949
2836 0.604486 0.290145  0.105369
11724 0.203529 0.408514  0.387957
7712 0.426661 0.194598  0.378741
10691 0.333835 0.366049  0.300116
1181 0.150759 0.656181  0.19306
9580 0.63617 0.117122  0.246708
11096 0.446421 0.295531  0.258048
1214 0.067966 0.184609  0.747425
9438 0.366807 0.245913  0.38728
9707 0.44473 0.146488  0.408782
4074 0.135082 0.365587  0.499331
5999 0.233321 0.420389  0.34629
8981 0.496909 0.203267  0.299824
4796 0.276787 0.322716  0.400497
6148 0.319824 0.325918  0.354258
1758 0.0950213 0.476914  0.428064
3335 0.112127 0.158499  0.729375
4865 0.397906 0.458018  0.144077
3122 0.331234 0.3243  0.344466
9660 0.365763 0.0158851  0.618352
5110 0.134398 0.290193  0.575409
11773 0.363798 0.326468  0.309734
102 0.407892 0.149954  0.442154
1762 0.0959674 0.678026  0.226006
6331 0.384419 0.355041  0.260539
5631 0.249692 0.391625  0.358683
3556 0.281514 0.202923  0.515563
7027 0.37999 0.453298  0.166711
9852 0.296361 0.406044  0.297595
1652 0.343416 0.103116  0.553468
11099 0.784904 0.0280162  0.18708
9437 0.539769 0.124063  0.336168
4337 0.371022 0.36701  0.261969
2332 0.0816256 0.471804  0.446571
4329 0.279782 0.358692  0.361526
9436 0.13845 0.179259  0.682291
3493 0.0594359 0.306357  0.634208
1112 0.293004 0.275037  0.431959
5179 0.439299 0.311135  0.249566
9589 0.345056 0.339564  0.31538
10140 0.420395 0.247622  0.331982
2708 0.324398 0.2688  0.406802
9978 0.428539 0.0356626  0.535798
3110 0.362937 0.257394  0.37967
11051 0.377947 0.413548  0.208505
11701 0.389987 0.38665  0.223363
4142 0.330126 0.348913  0.320962
4097 0.596597 0.0388805  0.364523
6108 0.104003 0.586212  0.309785
11468 0.373254 0.397239  0.229507
5298 0.619052 0.342216  0.0387324
8446 0.261312 0.499913  0.238775
6053 0.026606 0.510349  0.463045
1122 0.332835 0.251021  0.416144
4138 0.493685 0.269713  0.236603
2054 0.188237 0.16221  0.649552
12217 0.422099 0.3634  0.214501
9128 0.42828 0.300077  0.271643
7405 0.449255 0.496739  0.054006
1642 0.836899 0.0417752  0.121325
4780 0.103277 0.242705  0.654018
7541 0.456278 0.00911741  0.534604
10889 0.472346 0.450341  0.0773128
134 0.0963304 0.4522  0.45147
8598 0.377531 0.286355  0.336114
11569 0.464255 0.314914  0.220832
10219 0.384705 0.321739  0.293556
7147 0.0300037 0.444665  0.525331
7236 0.289507 0.325  0.385493
8183 0.449883 0.118901  0.431216
9781 0.481646 0.399138  0.119216
1815 0.303699 0.406807  0.289494
7329 0.321427 0.378993  0.29958
6896 0.472049 0.331624  0.196327
6399 0.135073 0.700157  0.16477
5290 0.422927 0.297166  0.279907
2196 0.256813 0.340636  0.402551
11101 0.25658 0.283531  0.459889
2358 0.483108 0.284102  0.23279
850 0.342979 0.569392  0.0876291
6105 0.388718 0.318843  0.292439
8406 0.255736 0.415105  0.329159
3445 0.541376 0.195417  0.263207
8349 0.0545738 0.59347  0.351956
5955 0.608999 0.169265  0.221736
10130 0.366325 0.354349  0.279326
3454 0.257856 0.463957  0.278187
2881 0.406567 0.404199  0.189233
1870 0.427161 0.376303  0.196536
9326 0.232053 0.0879962  0.679951
2642 0.385658 0.291032  0.32331
1999 0.833503 0.0942427  0.0722548
4816 0.180856 0.142051  0.677093
2985 0.387168 0.280452  0.33238
4495 0.466968 0.0577729  0.475259
1141 0.150538 0.141022  0.70844
10641 0.410864 0.342975  0.246161
5829 0.416781 0.244718  0.338502
10606 0.386352 0.505768  0.10788
6913 0.330897 0.321422  0.347682
4184 0.0213615 0.415691  0.562947
7986 0.35053 0.190162  0.459307
9577 0.401655 0.0563938  0.541951
11951 0.392198 0.43828  0.169522
483 0.371612 0.34095  0.287439
8047 0.18661 0.0215951  0.791794
1852 0.30344 0.354726  0.341834
4958 0.669592 0.279424  0.0509835
6294 0.069991 0.587324  0.342685
8019 0.346153 0.504807  0.14904
12201 0.183369 0.693403  0.123228
5282 0.343015 0.340743  0.316242
2112 0.0547717 0.352358  0.59287
5992 0.297102 0.50694  0.195958
12062 0.348495 0.541598  0.109906
9533 0.494774 0.148933  0.356293
8952 0.480761 0.461357  0.057882
4116 0.454438 0.34831  0.197252
9403 0.279642 0.41345  0.306908
5363 0.575123 0.215572  0.209305
9212 0.442085 0.510827  0.0470879
141 0.359042 0.435352  0.205606
10002 0.260139 0.24144  0.498421
537 0.0124719 0.400205  0.587323
6270 0.415837 0.0700566  0.514106
10142 0.467268 0.19004  0.342693
4230 0.358596 0.104656  0.536748
11070 0.428409 0.323308  0.248283
7332 0.487345 0.480339  0.0323157
11143 0.837821 0.0990908  0.0630884
10149 0.268918 0.473153  0.257929
5324 0.0788869 0.256891  0.664222
11362 0.209281 0.534577  0.256141
5816 0.454938 0.397727  0.147334
9252 0.14415 0.538118  0.317732
1456 0.520929 0.398639  0.0804317
3179 0.400905 0.492967  0.106128
4109 0.326251 0.239355  0.434395
2355 0.15023 0.345585  0.504185
6304 0.341279 0.399815  0.258906
5338 0.378075 0.338881  0.283044
7042 0.0495755 0.27566  0.674765
840 0.212257 0.0534878  0.734256
7703 0.282426 0.152518  0.565055
8142 0.240052 0.464133  0.295815
4898 0.456315 0.0242078  0.519477
10947 0.27762 0.364018  0.358362
4535 0.49002 0.139556  0.370424
8291 0.347746 0.365038  0.287216
6525 0.331732 0.30244  0.365828
10967 0.0682976 0.431135  0.500568
10835 0.325719 0.365387  0.308894
10235 0.291786 0.278853  0.429361
5268 0.45162 0.0125756  0.535804
6595 0.368658 0.056817  0.574525
101 0.213923 0.440188  0.345889
2048 0.218896 0.201425  0.579678
6062 0.379104 0.323981  0.296915
10158 0.410864 0.163271  0.425865
3846 0.275474 0.265657  0.458869
369 0.327861 0.34201  0.330129
11078 0.0668622 0.698168  0.23497
10940 0.537001 0.0931503  0.369849
3051 0.48371 0.0186262  0.497664
11975 0.488124 0.0289311  0.482945
8143 0.0651714 0.659902  0.274926
11330 0.109641 0.256771  0.633587
4147 0.438254 0.457507  0.104238
10414 0.375001 0.521417  0.103582
3360 0.334782 0.475136  0.190081
3566 0.782812 0.0197584  0.19743
10217 0.414147 0.338323  0.24753
4401 0.381345 0.541725  0.07693
10149 0.0381505 0.322036  0.639813
5079 0.314233 0.445545  0.240222
8016 0.10776 0.749643  0.142597
7873 0.00772039 0.371876  0.620404
5481 0.330468 0.329021  0.340511
10131 0.285964 0.289427  0.42461
1375 0.459524 0.271354  0.269122
3097 0.302791 0.37662  0.320589
8888 0.286646 0.0377237  0.67563
3578 0.651552 0.30084  0.0476082
5071 0.0846831 0.100695  0.814622
908 0.335918 0.368677  0.295405
1104 0.476467 0.455864  0.0676685
4212 0.25799 0.389232  0.352778
11633 0.540599 0.378434  0.0809669
9998 0.630189 0.313342  0.0564684
7231 0.0851081 0.103925  0.810967
1179 0.486963 0.357166  0.155871
11721 0.685825 0.13144  0.182735
11766 0.808256 0.0763249  0.115419
6395 0.36453 0.454258  0.181212
3976 0.320634 0.488396  0.19097
1448 0.431672 0.10547  0.462858
9256 0.386614 0.504614  0.108772
6568 0.28914 0.661675  0.0491857
7820 0.0750901 0.462596  0.462314
1261 0.09977 0.593078  0.307152
1263 0.484174 0.0826046  0.433221
8292 0.227809 0.295823  0.476368
6278 0.389753 0.31656  0.293688
11683 0.0593388 0.678344  0.262317
10421 0.221382 0.72781  0.0508075
814 0.44297 0.352282  0.204748
12392 0.112189 0.407863  0.479948
1820 0.329276 0.310081  0.360642
7268 0.453954 0.0609151  0.485131
4977 0.444366 0.321987  0.233648
3862 0.471458 0.275412  0.25313
6620 0.13916 0.500836  0.360004
1393 0.52177 0.179143  0.299086
5539 0.267863 0.338934  0.393203
4369 0.0657286 0.476278  0.457993
6387 0.903921 0.0385073  0.0575713
167 0.297739 0.157407  0.544854
12463 0.276429 0.532526  0.191044
2872 0.828994 0.146788  0.0242184
1459 0.31036 0.50045  0.18919
2150 0.334314 0.377254  0.288432
4202 0.234265 0.268245  0.49749
907 0.429004 0.225188  0.345807
11335 0.348016 0.206841  0.445143
1446 0.212161 0.363847  0.423992
12193 0.670112 0.276681  0.0532077
9821 0.799918 0.0879614  0.112121
55 0.0697627 0.453346  0.476891
4096 0.0698946 0.0917857  0.83832
1106 0.768233 0.0551583  0.176608
7916 0.0216119 0.610602  0.367786
3382 0.45538 0.214732  0.329889
4538 0.512732 0.115851  0.371417
1080 0.116843 0.0631189  0.820038
7307 0.474508 0.383904  0.141588
9843 0.320741 0.509895  0.169364
10637 0.287627 0.248045  0.464328
3805 0.539198 0.413001  0.0478015
12222 0.227734 0.406048  0.366217
1968 0.299825 0.127377  0.572798
1301 0.424916 0.425507  0.149577
7751 0.118112 0.40785  0.474038
11750 0.15829 0.4224  0.41931
12302 0.366428 0.351068  0.282504
10839 0.470254 0.0977981  0.431948
4075 0.463233 0.1731  0.363667
6448 0.288658 0.197069  0.514273
11984 0.410006 0.535129  0.054865
4519 0.0280764 0.15191  0.820014
12092 0.509556 0.475704  0.0147398
6436 0.0627371 0.461007  0.476256
39 0.690072 0.0279588  0.281969
7042 0.0758239 0.63224  0.291936
9096 0.362803 0.135168  0.502029
6511 0.405684 0.309197  0.285119
7762 0.1846 0.312899  0.5025
5965 0.254946 0.292896  0.452158
5458 0.465179 0.390903  0.143917
7032 0.366686 0.247497  0.385817
6855 0.284542 0.200958  0.5145
12429 0.361493 0.468825  0.169682
8644 0.675601 0.251021  0.073378
4599 0.183722 0.439113  0.377166
198 0.388083 0.0361869  0.575731
3820 0.384801 0.269534  0.345665
2599 0.478568 0.436075  0.0853573
3351 0.480928 0.50428  0.0147922
4269 0.223247 0.101618  0.675135
1496 0.110182 0.331314  0.558504
8423 0.0261797 0.202435  0.771385
920 0.614181 0.221247  0.164573
11242 0.369144 0.0185199  0.612336
1467 0.264127 0.410128  0.325745
9439 0.0696447 0.102902  0.827454
7115 0.516799 0.313345  0.169856
4093 0.393734 0.330371  0.275895
5837 0.27601 0.15988  0.56411
9258 0.0234787 0.464162  0.512359
6777 0.0817801 0.796618  0.121602
8745 0.141751 0.454569  0.403679
3531 0.38142 0.363047  0.255534
3791 0.167195 0.486625  0.346181
2038 0.407465 0.404992  0.187543
1093 0.325878 0.403455  0.270667
2149 0.368244 0.0496204  0.582135
2364 0.451016 0.220977  0.328007
4785 0.289007 0.32639  0.384603
7000 0.344624 0.304468  0.350909
6969 0.0547793 0.404915  0.540305
9623 0.140011 0.444955  0.415034
11324 0.412363 0.0180492  0.569588
9981 0.178145 0.434782  0.387074
4949 0.333595 0.524485  0.14192
11599 0.205545 0.124216  0.670239
3311 0.175614 0.545357  0.279029
5901 0.656948 0.0704741  0.272578
1775 0.193329 0.4929  0.313772
8243 0.359167 0.322787  0.318046
6562 0.210233 0.130753  0.659014
6122 0.348758 0.35488  0.296363
3810 0.466634 0.317032  0.216334
1959 0.338738 0.324424  0.336837
9108 0.354275 0.312433  0.333292
7351 0.122566 0.324919  0.552516
2901 0.345522 0.349084  0.305394
7057 0.112824 0.373361  0.513815
7918 0.585338 0.0247716  0.389891
9206 0.255958 0.316131  0.427911
4845 0.654063 0.0987831  0.247154
7908 0.492102 0.246946  0.260952
10243 0.132155 0.144499  0.723346
6736 0.474088 0.374148  0.151765
7922 0.158756 0.554954  0.28629
7456 0.241836 0.572853  0.185312
12312 0.748346 0.0691625  0.182491
6841 0.159406 0.27786  0.562734
3249 0.561708 0.0583546  0.379938
5641 0.450371 0.00755655  0.542073
374 0.259712 0.11739  0.622899
1133 0.303862 0.469076  0.227061
7960 0.43753 0.212206  0.350263
3994 0.339037 0.303632  0.357332
3383 0.528237 0.452552  0.0192102
12248 0.394133 0.220199  0.385667
11484 0.314457 0.535049  0.150494
4446 0.14273 0.41252  0.444749
12057 0.136277 0.439268  0.424455
7761 0.394397 0.525989  0.0796143
11696 0.254447 0.419235  0.326317
9271 0.129869 0.518807  0.351324
11096 0.626965 0.198051  0.174983
9249 0.126402 0.53105  0.342548
5009 0.077856 0.283377  0.638767
4924 0.478754 0.507363  0.013883
6464 0.519701 0.0064498  0.473849
2021 0.185973 0.553773  0.260253
13 0.391976 0.383901  0.224123
9215 0.327799 0.254036  0.418165
5179 0.358182 0.44475  0.197068
5654 0.374812 0.220666  0.404522
12081 0.344577 0.199822  0.455601
4232 0.334271 0.0349505  0.630778
7689 0.354219 0.179286  0.466495
517 0.570637 0.311688  0.117675
3702 0.368154 0.395824  0.236022
6845 0.30876 0.498229  0.19301
681 0.113967 0.253598  0.632436
2298 0.104482 0.441477  0.454041
6942 0.586502 0.231292  0.182205
4055 0.274845 0.403254  0.3219
6232 0.427827 0.238314  0.333859
1999 0.374341 0.214122  0.411537
975 0.4646 0.14873  0.386669
9531 0.363435 0.236851  0.399714
7552 0.303586 0.298344  0.39807
4305 0.193356 0.413442  0.393202
11451 0.557632 0.0849174  0.357451
3423 0.250119 0.658491  0.0913894
8804 0.647235 0.225608  0.127157
12358 0.337921 0.328506  0.333573
12020 0.508862 0.0810646  0.410074
2794 0.432907 0.498574  0.06852
8890 0.39746 0.192806  0.409734
334 0.0386195 0.618087  0.343294
11720 0.0760173 0.0570685  0.866914
6687 0.465 0.49091  0.0440904
4459 0.505802 0.450618  0.0435801
840 0.453077 0.16567  0.381253
2278 0.368863 0.346561  0.284576
7136 0.133683 0.353082  0.513236
4615 0.17914 0.295005  0.525854
8165 0.375209 0.305696  0.319095
8344 0.463382 0.180642  0.355976
4199 0.350467 0.24113  0.408403
4761 0.189546 0.536888  0.273565
2235 0.43619 0.229071  0.334739
5486 0.330013 0.209549  0.460438
9035 0.517903 0.306835  0.175262
10093 0.150491 0.2117  0.637809
604 0.402163 0.512725  0.0851118
5937 0.488749 0.0724095  0.438842
5290 0.467623 0.167351  0.365027
11082 0.316998 0.24726  0.435742
2316 0.462148 0.462588  0.0752643
7182 0.355094 0.0226627  0.622243
9853 0.402661 0.240155  0.357184
8222 0.390751 0.243625  0.365623
11070 0.298204 0.422195  0.279601
347 0.299144 0.427065  0.273791
6290 0.560396 0.383026  0.0565772
5839 0.921457 0.0349623  0.0435808
6230 0.215815 0.463338  0.320847
10988 0.560478 0.371531  0.0679911
1882 0.108879 0.463499  0.427621
5165 0.341417 0.221698  0.436885
6309 0.254004 0.516612  0.229384
3461 0.459788 0.111221  0.428991
11224 0.464059 0.0364631  0.499478
10068 0.208711 0.324802  0.466487
1145 0.434146 0.119998  0.445856
220 0.537329 0.187205  0.275466
10965 0.0935358 0.314058  0.592406
4404 0.264882 0.521609  0.213508
1555 0.178687 0.336554  0.484759
4219 0.387759 0.337131  0.27511
305 0.376414 0.306983  0.316603
639 0.0570191 0.446974  0.496007
2779 0.207749 0.665424  0.126827
10113 0.349861 0.2325  0.417639
3825 0.34593 0.618715  0.0353552
6260 0.170097 0.493403  0.3365
3912 0.561906 0.299531  0.138563
4990 0.594956 0.267315  0.13773
108 0.327869 0.166593  0.505538
6747 0.607614 0.272619  0.119767
9580 0.644249 0.318419  0.0373323
6568 0.307062 0.0334387  0.6595
11858 0.517806 0.277656  0.204538
2817 0.520628 0.117896  0.361476
2013 0.514432 0.300193  0.185376
5009 0.430144 0.397187  0.172669
2611 0.293467 0.421669  0.284864
4944 0.0386253 0.290611  0.670764
2479 0.372075 0.282338  0.345587
840 0.255375 0.43195  0.312676
7154 0.368717 0.247096  0.384187
10739 0.517171 0.217326  0.265504
4217 0.417534 0.344587  0.237879
11127 0.489517 0.323478  0.187005
10543 0.184938 0.609562  0.2055
3869 0.408377 0.525607  0.0660162
1268 0.526811 0.0708078  0.402381
6788 0.371842 0.554012  0.0741454
8331 0.0575279 0.43343  0.509042
11569 0.369111 0.352628  0.278262
1236 0.0604953 0.503318  0.436186
6962 0.266693 0.339978  0.393329
5969 0.436612 0.275829  0.287559
2887 0.33455 0.531616  0.133833
5777 0.378947 0.539262  0.0817905
12138 0.23047 0.420806  0.348724
11851 0.042525 0.456507  0.500968
4723 0.21003 0.0987849  0.691185
996 0.387943 0.269895  0.342161
12328 0.611519 0.163949  0.224532
8952 0.0673877 0.549874  0.382738
4488 0.487413 0.211482  0.301105
6008 0.335725 0.153978  0.510297
2470 0.0251252 0.401559  0.573316
5485 0.595221 0.111313  0.293466
5559 0.252731 0.433492  0.313776
278 0.366773 0.241752  0.391474
1200 0.238375 0.535047  0.226578
7815 0.197461 0.545985  0.256553
12312 0.400317 0.484725  0.114958
839 0.327371 0.266322  0.406307
10753 0.596167 0.155098  0.248734
5111 0.363072 0.14286  0.494068
6503 0.53988 0.377103  0.0830171
5597 0.20637 0.204619  0.589011
8509 0.0769484 0.687901  0.23515
6324 0.637768 0.13552  0.226712
6856 0.118982 0.468144  0.412874
10386 0.553227 0.341164  0.105608
10826 0.508916 0.457454  0.0336294
11931 0.496205 0.324358  0.179437
8005 0.740599 0.0574382  0.201962
493 0.679777 0.310097  0.0101255
10595 0.464656 0.152661  0.382683
3891 0.0284728 0.383107  0.588421
7645 0.342902 0.362825  0.294273
434 0.151962 0.450989  0.397049
8336 0.219211 0.323828  0.456961
6270 0.467742 0.170977  0.361281
136 0.391299 0.333863  0.274839
523 0.271228 0.615354  0.113418
5221 0.526547 0.102935  0.370518
4624 0.583067 0.235075  0.181858
1410 0.281749 0.602556  0.115695
8626 0.145868 0.285895  0.568237
850 0.270787 0.0495001  0.679713
10431 0.839943 0.138609  0.0214473
1450 0.256182 0.405243  0.338574
5800 0.360384 0.0542686  0.585348
2256 0.398723 0.223362  0.377915
11027 0.387711 0.331368  0.28092
4822 0.224819 0.388688  0.386493
9772 0.313049 0.345439  0.341512
11597 0.31071 0.407616  0.281674
2007 0.0344586 0.848967  0.116574
10546 0.0378488 0.467687  0.494464
3935 0.198836 0.372187  0.428977
2495 0.323415 0.441773  0.234812
7608 0.0632837 0.902568  0.0341486
8445 0.383142 0.402301  0.214558
8702 0.264015 0.571729  0.164256
5148 0.407173 0.216266  0.376561
7414 0.404271 0.403617  0.192112
3746 0.495759 0.0497962  0.454445
4942 0.236951 0.293619  0.46943
12276 0.268559 0.686819  0.0446228
4605 0.0620065 0.578961  0.359033
2122 0.114245 0.624821  0.260934
7628 0.425948 0.304095  0.269957
70 0.27136 0.637706  0.0909345
9911 0.134256 0.0836264  0.782118
6472 0.447079 0.162127  0.390794
4710 0.123104 0.309145  0.567751
9030 0.418664 0.0929753  0.488361
9989 0.205322 0.402883  0.391794
7841 0.466078 0.215354  0.318567
3275 0.2975 0.241455  0.461045
1198 0.381284 0.280791  0.337925
11161 0.550334 0.269189  0.180477
10873 0.474918 0.289957  0.235125
4734 0.119505 0.311806  0.568689
2395 0.180468 0.417194  0.402338
9726 0.493949 0.455788  0.0502629
8908 0.557485 0.131366  0.311149
6638 0.374595 0.380145  0.245261
5677 0.281923 0.391472  0.326605
8302 0.376378 0.257934  0.365688
6140 0.0695755 0.080558  0.849866
9486 0.351932 0.25773  0.390338
12150 0.317268 0.272276  0.410456
2821 0.467017 0.378905  0.154077
7250 0.414463 0.172805  0.412732
6283 0.604993 0.0832293  0.311777
3219 0.080175 0.21258  0.707245
12132 0.117485 0.147566  0.734949
3424 0.0643222 0.418591  0.517086
5488 0.653372 0.323155  0.0234727
3615 0.278606 0.244235  0.477159
7091 0.0996944 0.346404  0.553902
5294 0.112758 0.348817  0.538425
3857 0.380332 0.247101  0.372567
10185 0.125161 0.310368  0.564471
5248 0.23682 0.488505  0.274675
11499 0.443695 0.359184  0.197121
6496 0.65965 0.10143  0.23892
12279 0.0556717 0.911022  0.0333061
6430 0.392184 0.499449  0.108367
2608 0.224858 0.708099  0.0670427
5154 0.369307 0.146672  0.484021
30 0.102152 0.507304  0.390544
4515 0.339654 0.171595  0.488752
7610 0.472126 0.475748  0.0521262
3958 0.33579 0.302289  0.361922
3851 0.393994 0.427793  0.178213
6421 0.399596 0.195057  0.405347
3256 0.225639 0.432612  0.341749
9710 0.25773 0.296459  0.445811
5777 0.34517 0.273952  0.380877
12241 0.197396 0.462868  0.339737
8059 0.344548 0.318556  0.336896
8814 0.333199 0.235616  0.431185
9960 0.664901 0.277515  0.0575841
6866 0.426413 0.354065  0.219522
2985 0.3791 0.0534441  0.567456
3874 0.163387 0.399553  0.437059
4246 0.316934 0.251153  0.431914
10774 0.210931 0.495616  0.293453
9370 0.522821 0.0912009  0.385978
11959 0.0122766 0.70503  0.282694
11042 0.483267 0.32202  0.194713
8058 0.216992 0.192373  0.590635
10323 0.254932 0.401373  0.343695
4608 0.0348516 0.585659  0.37949
11114 0.569495 0.0919143  0.33859
7096 0.118529 0.149764  0.731706
4711 0.340296 0.282796  0.376909
10752 0.343471 0.375396  0.281133
9247 0.107283 0.454858  0.437859
7479 0.26798 0.566154  0.165866
9970 0.406171 0.328461  0.265369
5997 0.724137 0.187647  0.0882154
7168 0.518088 0.212713  0.269199
9190 0.0919438 0.499215  0.408842
8188 0.443539 0.492448  0.0640134
3457 0.31152 0.37519  0.313289
8564 0.368562 0.284693  0.346744
6906 0.404049 0.3643  0.231651
10843 0.200992 0.0963174  0.702691
12404 0.369418 0.355999  0.274583
1305 0.373654 0.336075  0.290271
1351 0.329734 0.459242  0.211024
3227 0.345945 0.44426  0.209796
12319 0.386968 0.281391  0.331641
11777 0.456985 0.356371  0.186644
9114 0.510387 0.250727  0.238886
11327 0.380198 0.419801  0.2
2044 0.367433 0.268795  0.363772
10446 0.422543 0.427473  0.149984
2122 0.352269 0.153905  0.493827
265 0.403069 0.488832  0.108099
1487 0.610755 0.329722  0.0595223
31 0.293257 0.411221  0.295522
11676 0.152081 0.396706  0.451212
11317 0.501903 0.331247  0.16685
12474 0.23982 0.0853687  0.674812
3654 0.273337 0.347219  0.379444
9141 0.389048 0.20881  0.402143
5992 0.0310687 0.541201  0.427731
7571 0.0167615 0.668514  0.314724
1706 0.416306 0.141442  0.442252
5266 0.606898 0.243299  0.149803
3898 0.366409 0.39214  0.24145
8258 0.211156 0.53349  0.255354
11381 0.823172 0.140716  0.0361113
60 0.50407 0.183557  0.312373
1190 0.453636 0.184841  0.361523
6208 0.241082 0.491435  0.267483
8581 0.255406 0.332976  0.411619
4244 0.15464 0.273964  0.571395
1998 0.420867 0.471869  0.107264
6671 0.446668 0.106313  0.447019
10964 0.72077 0.0358381  0.243392
9003 0.442237 0.361321  0.196442
4501 0.708173 0.196298  0.0955291
1845 0.334897 0.278019  0.387085
6735 0.505689 0.182998  0.311313
6956 0.204121 0.529785  0.266094
6005 0.186031 0.571996  0.241973
10699 0.359425 0.262503  0.378072
4253 0.0295416 0.401653  0.568805
8775 0.394132 0.128561  0.477307
9715 0.436213 0.549678  0.0141088
2107 0.0294098 0.111395  0.859195
2955 0.506581 0.0461261  0.447293
2591 0.494981 0.348857  0.156162
8324 0.122647 0.5191  0.358252
1401 0.334713 0.474636  0.190652
7551 0.0232447 0.652899  0.323856
6277 0.221359 0.197703  0.580938
6508 0.216997 0.203946  0.579057
6627 0.292838 0.682982  0.0241808
3500 0.360811 0.235997  0.403192
5704 0.351072 0.251757  0.397171
11534 0.22164 0.526685  0.251675
10335 0.72947 0.107564  0.162965
9005 0.295466 0.29041  0.414124
6392 0.42453 0.0311998  0.54427
299 0.102081 0.546495  0.351424
3058 0.321127 0.452564  0.226308
2641 0.13122 0.382642  0.486138
1556 0.475983 0.128226  0.395791
9816 0.237977 0.396766  0.365257
4218 0.313611 0.389374  0.297015
562 0.628936 0.164223  0.20684
740 0.265068 0.461365  0.273566
4403 0.262134 0.223363  0.514503
1667 0.627473 0.184421  0.188106
9676 0.0939679 0.618165  0.287868
4465 0.1829 0.200262  0.616838
9146 0.197643 0.143998  0.658359
9952 0.135069 0.334908  0.530023
3004 0.232392 0.398213  0.369395
12380 0.426335 0.370512  0.203152
4640 0.280675 0.355973  0.363352
3772 0.272118 0.34948  0.378402
10560 0.254215 0.194848  0.550936
4410 0.393517 0.353789  0.252693
9803 0.189124 0.214673  0.596203
1447 0.372708 0.276032  0.35126
3007 0.309813 0.364496  0.325691
5098 0.453603 0.313142  0.233254
9942 0.414728 0.344933  0.240338
9590 0.49601 0.149209  0.354782
6651 0.0605055 0.232013  0.707481
564 0.0334085 0.456391  0.510201
4053 0.512695 0.430244  0.0570613
3870 0.276729 0.324186  0.399085
7150 0.370611 0.0279639  0.601425
8549 0.25711 0.280597  0.462292
10994 0.18411 0.181754  0.634136
7017 0.663097 0.084406  0.252497
11826 0.431773 0.556512  0.0117148
8407 0.565456 0.243299  0.191245
9858 0.430351 0.133223  0.436426
9499 0.240984 0.372397  0.386619
9258 0.275365 0.462063  0.262572
7525 0.482686 0.19913  0.318185
3127 0.340943 0.15253  0.506527
2198 0.104743 0.577491  0.317766
2506 0.538777 0.323216  0.138006
8734 0.231585 0.296173  0.472242
7171 0.394502 0.479951  0.125547
8647 0.195789 0.0908502  0.713361
11334 0.365954 0.390151  0.243895
920 0.411401 0.426554  0.162045
1886 0.148047 0.262417  0.589535
4988 0.671126 0.194761  0.134113
528 0.282314 0.277271  0.440415
3448 0.947788 0.0136152  0.0385967
11672 0.376185 0.409514  0.214301
9063 0.489318 0.449826  0.060856
8793 0.286145 0.537411  0.176443
8143 0.259086 0.391444  0.349471
10745 0.306289 0.194153  0.499558
6968 0.676767 0.245529  0.0777046
9355 0.69304 0.122035  0.184926
1849 0.251368 0.0498527  0.698779
291 0.458487 0.369616  0.171896
8440 0.498265 0.319023  0.182711
3284 0.507126 0.294137  0.198738
10037 0.604555 0.228053  0.167393
8767 0.51708 0.386425  0.0964952
1372 0.593229 0.177987  0.228784
8619 0.683638 0.0236607  0.292701
2021 0.129541 0.383568  0.48689
10198 0.237691 0.245629  0.51668
3718 0.209853 0.367529  0.422617
4845 0.332928 0.0912837  0.575788
11831 0.474072 0.497244  0.0286842
12045 0.372706 0.154421  0.472873
6455 0.179277 0.169896  0.650826
536 0.388413 0.33314  0.278447
2106 0.0475627 0.370368  0.582069
5203 0.567039 0.00914158  0.423819
4692 0.644703 0.0670748  0.288222
928 0.370544 0.435148  0.194309
2314 0.333553 0.489431  0.177017
7700 0.550935 0.348124  0.100941
10178 0.284914 0.371177  0.343909
2786 0.154346 0.384039  0.461614
7065 0.0734663 0.283587  0.642947
1213 0.45801 0.336374  0.205616
9063 0.278208 0.422339  0.299453
10938 0.0436842 0.480321  0.475995
10738 0.622655 0.156267  0.221077
10542 0.294383 0.445019  0.260598
1377 0.117336 0.470022  0.412642
6888 0.681916 0.152066  0.166017
2425 0.128907 0.349272  0.521821
7315 0.12012 0.516384  0.363496
5987 0.240142 0.635259  0.124599
12271 0.342966 0.340135  0.316899
10302 0.192551 0.476701  0.330748
4404 0.241533 0.411906  0.346561
10542 0.293846 0.31628  0.389874
6825 0.185924 0.255018  0.559058
10504 0.281445 0.518898  0.199657
5398 0.242073 0.191064  0.566863
5536 0.529548 0.0311314  0.43932
11745 0.218863 0.187165  0.593972
6432 0.35673 0.32439  0.318879
8168 0.0125147 0.0924557  0.89503
2798 0.374115 0.275087  0.350798
5265 0.189306 0.368214  0.44248
2441 0.210838 0.398153  0.391008
4638 0.114383 0.643016  0.242601
7752 0.163699 0.552939  0.283362
12462 0.299098 0.490387  0.210515
8296 0.532527 0.0109381  0.456535
10772 0.192042 0.56403  0.243929
1583 0.346766 0.2537  0.399533
4019 0.203639 0.648056  0.148304
4555 0.0934233 0.410587  0.495989
9126 0.106893 0.344971  0.548137
9205 0.0722738 0.51879  0.408936
4019 0.459187 0.369493  0.17132
11647 0.381904 0.451268  0.166829
8774 0.0667555 0.104636  0.828608
3216 0.25064 0.333599  0.415761
8512 0.219034 0.487329  0.293637
10255 0.498226 0.163968  0.337806
55 0.30417 0.122219  0.573612
1437 0.279919 0.283797  0.436284
8796 0.411355 0.187081  0.401564
1793 0.368639 0.317753  0.313608
11416 0.307502 0.442555  0.249943
11601 0.36612 0.400756  0.233124
3939 0.285115 0.341867  0.373017
11381 0.357759 0.294068  0.348173
4970 0.119234 0.440743  0.440023
5165 0.211663 0.101483  0.686854
1677 0.264835 0.245541  0.489625
4347 0.300892 0.0789369  0.620171
11143 0.339436 0.233935  0.426629
11422 0.263235 0.524633  0.212131
9237 0.402506 0.184445  0.413049
10222 0.346261 0.339415  0.314324
7090 0.367068 0.440398  0.192534
10447 0.748141 0.234391  0.0174682
10997 0.558154 0.333022  0.108824
8265 0.461574 0.230131  0.308295
9350 0.223467 0.376624  0.399909
11774 0.323714 0.596202  0.0800843
784 0.616322 0.214495  0.169183
1487 0.0747696 0.50937  0.41586
2368 0.154077 0.405171  0.440753
151 0.161697 0.625681  0.212623
6646 0.333562 0.343528  0.32291
9945 0.3827 0.19622  0.42108
6168 0.327062 0.30426  0.368678
4600 0.140422 0.327054  0.532523
2410 0.0964667 0.688431  0.215102
8253 0.155674 0.2974  0.546926
10897 0.101939 0.60464  0.293421
6009 0.132734 0.306267  0.560999
4468 0.117013 0.480338  0.402649
4187 0.442772 0.0717387  0.485489
10781 0.474979 0.173271  0.351749
5264 0.359648 0.45353  0.186822
8727 0.224814 0.18893  0.586256
3128 0.076727 0.446066  0.477207
11771 0.208102 0.533658  0.258241
11865 0.619574 0.239088  0.141338
9534 0.11473 0.422373  0.462897
11551 0.630186 0.159721  0.210093
921 0.0491972 0.0922654  0.858537
7661 0.414445 0.203439  0.382116
10099 0.556097 0.0307424  0.413161
5661 0.0120142 0.652267  0.335719
5245 0.0268898 0.511199  0.461911
11488 0.199532 0.638256  0.162211
631 0.109498 0.231235  0.659266
11553 0.437377 0.133908  0.428714
2503 0.714741 0.274567  0.0106921
9297 0.444644 0.266259  0.289097
2267 0.051559 0.16815  0.780291
3737 0.523693 0.386677  0.0896294
11338 0.167313 0.370547  0.46214
2799 0.274292 0.415252  0.310455
2869 0.309884 0.0683561  0.62176
1962 0.654081 0.0328391  0.31308
8912 0.355572 0.197446  0.446983
940 0.212051 0.212727  0.575222
9894 0.25578 0.28047  0.46375
1495 0.248504 0.584906  0.16659
9458 0.351762 0.322415  0.325822
11379 0.423456 0.220308  0.356236
2943 0.458139 0.219128  0.322733
622 0.229671 0.503929  0.266399
5019 0.373386 0.281501  0.345113
1262 0.410955 0.193656  0.395389
7290 0.457663 0.336304  0.206032
2417 0.461125 0.168288  0.370587
701 0.374929 0.353539  0.271532
1264 0.0690338 0.357218  0.573748
495 0.498301 0.449415  0.0522837
11300 0.139146 0.471703  0.389152
6933 0.127978 0.240806  0.631216
5770 0.497698 0.346048  0.156254
3415 0.397304 0.306151  0.296545
8782 0.134032 0.544433  0.321535
11647 0.23585 0.443486  0.320664
437 0.338966 0.27302  0.388014
2954 0.422283 0.496183  0.0815338
7679 0.221398 0.357218  0.421384
6493 0.396589 0.353298  0.250112
6577 0.0653095 0.595075  0.339615
10102 0.441024 0.120542  0.438434
3921 0.402505 0.175637  0.421858
9339 0.357747 0.36635  0.275903
2829 0.116645 0.197343  0.686012
7849 0.605377 0.116522  0.278101
3809 0.024805 0.908038  0.0671572
6058 0.198869 0.332358  0.468773
12173 0.243962 0.282085  0.473953
1361 0.0756762 0.299662  0.624662
1818 0.13902 0.431233  0.429747
4936 0.107 0.378616  0.514384
10396 0.493131 0.281106  0.225763
1898 0.270982 0.286016  0.443002
7783 0.440188 0.129529  0.430283
9530 0.264952 0.314349  0.420699
2251 0.281477 0.231439  0.487084
4780 0.905585 0.0168723  0.0775425
4136 0.402321 0.455062  0.142617
9072 0.277999 0.473857  0.248144
11843 0.532043 0.0664733  0.401484
9759 0.425158 0.273068  0.301773
11552 0.0170429 0.902935  0.0800219
1351 0.294968 0.127671  0.577361
6965 0.0978816 0.840478  0.0616405
10206 0.393262 0.270656  0.336082
1057 0.809924 0.154217  0.0358595
11873 0.668909 0.0650613  0.266029
3964 0.27746 0.312233  0.410307
11655 0.39221 0.0237753  0.584015
546 0.516624 0.131427  0.351949
8210 0.456899 0.0461675  0.496933
9126 0.647076 0.174125  0.1788
8671 0.357371 0.250065  0.392564
2269 0.0232123 0.595394  0.381394
2506 0.364321 0.0838596  0.55182
10626 0.280782 0.322914  0.396304
9390 0.136929 0.078087  0.784984
11607 0.404614 0.231843  0.363544
11737 0.451649 0.225512  0.322839
7236 0.530947 0.237782  0.231271
11674 0.137099 0.33356  0.529341
610 0.793572 0.0134099  0.193018
1131 0.207997 0.0440958  0.747908
7341 0.303162 0.35605  0.340789
9853 0.0781705 0.755205  0.166624
480 0.428954 0.333354  0.237692
4959 0.160349 0.711569  0.128082
2449 0.453192 0.124851  0.421957
3277 0.525015 0.155148  0.319837
3960 0.408716 0.206737  0.384547
3776 0.4582 0.473948  0.0678521
6562 0.0415794 0.456099  0.502321
9515 0.311673 0.427526  0.260801
4749 0.213488 0.423756  0.362757
132 0.125908 0.661432  0.21266
8758 0.292198 0.57426  0.133542
5683 0.151871 0.337621  0.510508
10590 0.506393 0.41396  0.0796479
5826 0.334283 0.315933  0.349784
9814 0.10176 0.460468  0.437772
7823 0.505108 0.439047  0.0558454
5667 0.327616 0.63162  0.040764
5691 0.416285 0.18115  0.402565
11155 0.140795 0.839723  0.0194822
5891 0.306227 0.341883  0.35189
3992 0.325417 0.379034  0.29555
9368 0.461183 0.132676  0.406141
8656 0.379771 0.542675  0.0775544
8395 0.195365 0.779261  0.0253733
10595 0.11134 0.715766  0.172893
5350 0.248927 0.349948  0.401126
11828 0.397186 0.21314  0.389674
7529 0.380442 0.24774  0.371818
3030 0.112473 0.364481  0.523046
10320 0.367505 0.402718  0.229777
3098 0.266246 0.411941  0.321813
12267 0.41613 0.215661  0.368209
6856 0.133606 0.402245  0.464149
4867 0.430742 0.220601  0.348657
8924 0.0740412 0.664501  0.261458
5093 0.301968 0.220529  0.477503
7337 0.45616 0.532109  0.0117313
9128 0.0434625 0.456204  0.500333
5511 0.423879 0.385422  0.190699
11705 0.162353 0.468251  0.369396
2709 0.26772 0.0593585  0.672922
6150 0.432995 0.41756  0.149444
2148 0.236183 0.353136  0.410681
10543 0.0668047 0.0721062  0.861089
9945 0.366108 0.295109  0.338782
11047 0.146743 0.749675  0.103582
12263 0.383667 0.339804  0.276529
795 0.122054 0.518249  0.359697
11045 0.609205 0.292684  0.0981111
20 0.024782 0.296502  0.678716
6823 0.649109 0.125849  0.225042
51 0.0939608 0.665017  0.241022
4971 0.384072 0.461897  0.154031
1366 0.518654 0.0997098  0.381636
10756 0.23834 0.510046  0.251615
10288 0.107981 0.406563  0.485456
9978 0.160946 0.475729  0.363325
10404 0.293466 0.296107  0.410427
6722 0.462547 0.0762178  0.461235
1996 0.289188 0.13643  0.574381
890 0.669947 0.134762  0.19529
9230 0.48491 0.250531  0.264559
