2278 0.603432 0.115974  0.280594
1051 0.347678 0.412472  0.23985
3933 0.0765557 0.525954  0.397491
4853 0.360932 0.530444  0.108624
1575 0.372635 0.0643928  0.562972
4553 0.339082 0.389815  0.271103
4842 0.596307 0.168019  0.235675
2742 0.232869 0.28012  0.487011
1009 0.585581 0.40436  0.0100588
1511 0.105739 0.227441  0.66682
1145 0.140048 0.450861  0.409091
5051 0.261329 0.49309  0.245582
1087 0.356273 0.522278  0.121449
5083 0.324665 0.60573  0.0696056
3089 0.441678 0.225209  0.333113
1019 0.227711 0.5376  0.234689
974 0.0658211 0.615004  0.319175
983 0.4302 0.353892  0.215907
1605 0.297648 0.487845  0.214508
967 0.631414 0.307545  0.0610416
3240 0.345252 0.639455  0.015293
1511 0.0767413 0.45969  0.463569
1591 0.149725 0.773755  0.0765202
1511 0.388038 0.356349  0.255613
1511 0.0736884 0.658501  0.267811
1314 0.49346 0.264828  0.241712
4530 0.490604 0.262614  0.246782
2366 0.764496 0.213769  0.0217349
1609 0.381742 0.29653  0.321728
3242 0.188307 0.402263  0.40943
1710 0.484202 0.217935  0.297863
1727 0.272925 0.485333  0.241742
2711 0.100244 0.136695  0.763061
3809 0.284966 0.422221  0.292813
3773 0.103549 0.263441  0.633011
1609 0.442961 0.515379  0.0416607
4607 0.293798 0.225198  0.481004
1691 0.445437 0.418004  0.136559
919 0.112039 0.416103  0.471858
977 0.045013 0.71208  0.242907
1511 0.143548 0.527616  0.328836
2701 0.165516 0.508693  0.325791
1596 0.119651 0.245364  0.634985
994 0.357304 0.450083  0.192613
5455 0.075141 0.904478  0.0203811
1290 0.147969 0.324244  0.527787
1511 0.627295 0.142782  0.229923
1047 0.88482 0.0687051  0.0464749
1758 0.352905 0.25285  0.394245
3741 0.47766 0.232786  0.289554
1204 0.221151 0.532231  0.246618
4047 0.237545 0.572088  0.190367
3606 0.59743 0.100854  0.301717
2994 0.166783 0.526171  0.307046
1596 0.259492 0.290942  0.449566
3479 0.209409 0.298291  0.4923
1596 0.390009 0.0884238  0.521567
3871 0.230686 0.0802861  0.689028
2488 0.370681 0.209719  0.4196
2703 0.399202 0.220711  0.380087
2508 0.170155 0.518548  0.311297
1511 0.22529 0.0534328  0.721277
2457 0.329446 0.39374  0.276814
4554 0.0310053 0.63674  0.332255
3817 0.172861 0.404494  0.422645
3838 0.482985 0.077546  0.439469
2553 0.120191 0.41854  0.461269
1621 0.278333 0.411471  0.310196
4508 0.315194 0.321276  0.363531
1606 0.131909 0.758147  0.109944
1689 0.190369 0.304876  0.504755
3789 0.193765 0.456216  0.350019
1035 0.384765 0.380008  0.235228
1511 0.190664 0.649748  0.159588
982 0.715237 0.12587  0.158893
836 0.52901 0.267261  0.203729
1675 0.0364078 0.465252  0.498341
975 0.249983 0.464604  0.285413
1389 0.374552 0.397229  0.228219
1319 0.358957 0.604261  0.0367812
1089 0.115663 0.675725  0.208612
1511 0.600928 0.240823  0.15825
15 0.415633 0.33883  0.245537
11 0.0323679 0.550227  0.417405
2886 0.622387 0.0679415  0.309671
1610 0.530724 0.444187  0.0250891
4200 0.329708 0.28415  0.386142
2491 0.313205 0.256707  0.430088
1917 0.271456 0.289595  0.438949
152 0.38578 0.313638  0.300582
4854 0.488606 0.193976  0.317418
4472 0.516545 0.294924  0.18853
1511 0.505988 0.0373992  0.456613
2948 0.304906 0.301907  0.393187
1610 0.377008 0.188074  0.434918
2730 0.765146 0.131102  0.103751
3701 0.465922 0.284615  0.249462
2763 0.515785 0.317038  0.167177
983 0.523135 0.352791  0.124073
4577 0.245812 0.338398  0.41579
4619 0.0966366 0.610075  0.293288
3707 0.401651 0.571469  0.0268802
4477 0.651303 0.0542503  0.294447
1610 0.315234 0.222956  0.46181
1585 0.492176 0.098073  0.409751
967 0.887127 0.0435041  0.0693691
1678 0.16623 0.735789  0.0979807
1585 0.228484 0.363777  0.407738
1647 0.585651 0.145451  0.268898
1706 0.270618 0.361096  0.368286
1546 0.15075 0.412776  0.436474
1619 0.372145 0.368687  0.259168
945 0.0602015 0.537499  0.4023
5455 0.540445 0.239815  0.21974
5320 0.56877 0.0574512  0.373779
1427 0.137284 0.419605  0.443111
611 0.436851 0.274501  0.288649
1746 0.0384333 0.361855  0.599712
1610 0.209902 0.313061  0.477037
2730 0.448412 0.489453  0.0621353
384 0.379226 0.282282  0.338492
1591 0.512796 0.360456  0.126748
755 0.471912 0.296514  0.231574
366 0.0239975 0.473429  0.502573
2680 0.746426 0.0370253  0.216548
2853 0.579594 0.0973318  0.323074
5081 0.334822 0.435283  0.229895
1606 0.285639 0.364277  0.350084
1283 0.106264 0.270602  0.623134
4136 0.38854 0.253763  0.357697
3459 0.203347 0.479513  0.31714
5289 0.252991 0.477574  0.269435
1511 0.4068 0.437928  0.155272
850 0.211808 0.427601  0.36059
1511 0.4618 0.168431  0.369769
990 0.488857 0.291002  0.220141
1511 0.279717 0.364324  0.355959
4643 0.313097 0.17029  0.516613
3258 0.674431 0.138991  0.186578
4191 0.501198 0.446877  0.0519246
3971 0.786227 0.0608392  0.152933
1609 0.251943 0.551551  0.196506
3795 0.297938 0.556014  0.146047
1013 0.0265553 0.407683  0.565762
4553 0.399082 0.195462  0.405456
4569 0.108488 0.276864  0.614649
2226 0.373745 0.379735  0.246519
1691 0.237181 0.381636  0.381183
4556 0.14079 0.412833  0.446376
994 0.0143626 0.234962  0.750675
1049 0.484282 0.339852  0.175866
1511 0.224874 0.0988392  0.676286
3363 0.361176 0.250343  0.388482
2834 0.310624 0.254927  0.434448
2361 0.376411 0.198401  0.425187
1610 0.0404999 0.375046  0.584455
983 0.656038 0.263111  0.0808507
1511 0.908809 0.0601864  0.0310045
3119 0.2084 0.131813  0.659788
1511 0.0383852 0.44282  0.518795
1610 0.0851571 0.879506  0.0353367
4224 0.373099 0.207509  0.419391
1610 0.337157 0.183744  0.479099
381 0.273091 0.688141  0.0387679
5375 0.420902 0.211675  0.367423
1596 0.0393548 0.11027  0.850375
1610 0.686687 0.16747  0.145844
973 0.567616 0.37406  0.0583239
4592 0.356848 0.15674  0.486412
4502 0.43349 0.0780866  0.488423
1880 0.154567 0.459047  0.386386
1511 0.541842 0.20765  0.250508
1058 0.244367 0.346333  0.4093
4697 0.41935 0.0604767  0.520173
4530 0.455047 0.203273  0.34168
2076 0.232175 0.714406  0.0534186
4636 0.0364544 0.473417  0.490129
2307 0.255351 0.317604  0.427045
1041 0.329912 0.309244  0.360843
1511 0.163453 0.629644  0.206903
3293 0.479846 0.0270793  0.493074
1519 0.278892 0.279195  0.441913
3844 0.024316 0.427126  0.548558
982 0.367067 0.436422  0.196511
986 0.320484 0.329255  0.350261
229 0.316596 0.103097  0.580307
1591 0.196665 0.0704113  0.732924
1610 0.498891 0.0561996  0.44491
4531 0.489902 0.377392  0.132706
3609 0.081071 0.469565  0.449364
387 0.249036 0.136309  0.614655
1306 0.492469 0.111941  0.39559
1161 0.223608 0.497378  0.279014
3807 0.447217 0.469181  0.0836023
3051 0.496256 0.493493  0.0102507
1610 0.526802 0.339469  0.13373
4912 0.166442 0.415303  0.418256
4707 0.357376 0.408791  0.233833
2005 0.172962 0.27456  0.552477
1578 0.340558 0.290306  0.369136
1654 0.249955 0.359288  0.390757
2644 0.20685 0.303907  0.489243
1596 0.50606 0.0448094  0.449131
920 0.403049 0.0872537  0.509697
1042 0.117548 0.162235  0.720217
1610 0.418223 0.181816  0.399961
18 0.4067 0.115742  0.477558
2881 0.239894 0.407603  0.352503
3585 0.0856261 0.261478  0.652896
1511 0.411988 0.148282  0.43973
3861 0.335286 0.130031  0.534684
3254 0.316169 0.347959  0.335872
1058 0.417434 0.495291  0.0872753
1490 0.3631 0.332867  0.304033
3564 0.0489487 0.353228  0.597823
5069 0.0297109 0.594289  0.376
5094 0.19182 0.405076  0.403104
1021 0.419363 0.0179773  0.56266
701 0.20419 0.150014  0.645795
1511 0.381727 0.142801  0.475472
2725 0.840045 0.0952579  0.0646969
350 0.442031 0.162865  0.395104
1628 0.289278 0.20788  0.502842
1602 0.49257 0.0722486  0.435181
1574 0.302054 0.357592  0.340354
1687 0.41506 0.403863  0.181078
4463 0.363904 0.288184  0.347912
1037 0.347212 0.30103  0.351758
1511 0.368493 0.136225  0.495281
3665 0.217726 0.745629  0.0366446
2327 0.334554 0.401431  0.264015
538 0.575468 0.261632  0.1629
2752 0.443794 0.117235  0.438971
3843 0.227122 0.477091  0.295787
4599 0.67887 0.114286  0.206843
1511 0.217793 0.14375  0.638457
3726 0.456163 0.159479  0.384357
1610 0.197691 0.385959  0.41635
1324 0.436971 0.0674524  0.495577
1080 0.308431 0.527163  0.164405
973 0.344107 0.34781  0.308083
1017 0.230327 0.449853  0.31982
5330 0.369698 0.360075  0.270227
1047 0.239487 0.495715  0.264798
4943 0.293382 0.244158  0.46246
1511 0.347855 0.24127  0.410875
5406 0.059008 0.315258  0.625734
1511 0.0876597 0.290859  0.621481
4756 0.416702 0.527518  0.0557796
4 0.650369 0.288576  0.0610551
4608 0.265544 0.300727  0.433729
3869 0.356142 0.332471  0.311387
2745 0.139262 0.745581  0.115158
4392 0.52967 0.0965086  0.373821
145 0.37748 0.268783  0.353736
1610 0.247811 0.249614  0.502574
4373 0.438421 0.103177  0.458402
5442 0.317352 0.323137  0.359511
1511 0.277548 0.327016  0.395436
3773 0.352125 0.094636  0.553239
1107 0.441858 0.125758  0.432383
2552 0.407378 0.229187  0.363436
1998 0.332592 0.417943  0.249466
1511 0.276546 0.640241  0.0832132
3919 0.325704 0.461024  0.213272
5092 0.25268 0.393529  0.35379
3763 0.636155 0.0295715  0.334273
1057 0.144592 0.657722  0.197686
1343 0.106037 0.345754  0.548209
1511 0.228975 0.343308  0.427717
1511 0.831188 0.0857529  0.0830591
5019 0.441284 0.09228  0.466436
1690 0.493624 0.378926  0.12745
1579 0.142354 0.578729  0.278917
1633 0.423024 0.476542  0.100433
1591 0.371433 0.383918  0.244649
1177 0.218821 0.521927  0.259253
1606 0.0642425 0.378699  0.557059
2743 0.130169 0.428723  0.441108
1639 0.535373 0.195385  0.269243
2270 0.62478 0.29779  0.0774302
1679 0.776399 0.0536844  0.169917
3793 0.245505 0.147517  0.606979
1511 0.438187 0.234995  0.326818
1511 0.745916 0.0287782  0.225306
1292 0.691211 0.260938  0.0478508
1058 0.258472 0.642925  0.0986026
2685 0.361351 0.356738  0.281911
1511 0.51048 0.36891  0.120611
1575 0.140835 0.0213551  0.83781
4897 0.478495 0.30009  0.221415
4499 0.290256 0.473823  0.235921
985 0.506733 0.230294  0.262973
45 0.361974 0.110417  0.527608
862 0.655897 0.121007  0.223096
935 0.243762 0.395272  0.360967
935 0.399582 0.131146  0.469272
1034 0.358858 0.112223  0.528919
2539 0.140424 0.552019  0.307557
1345 0.360663 0.296097  0.34324
5098 0.524114 0.429019  0.0468678
1610 0.56572 0.119923  0.314357
1054 0.061817 0.630905  0.307278
675 0.222456 0.330834  0.446711
1511 0.31388 0.664606  0.0215143
3668 0.627593 0.340235  0.0321725
1511 0.74695 0.170274  0.0827756
2708 0.183363 0.354289  0.462348
4682 0.0122475 0.261412  0.726341
2531 0.416181 0.413206  0.170614
883 0.550513 0.225535  0.223952
1298 0.54114 0.195437  0.263422
1041 0.175154 0.413718  0.411129
1596 0.400542 0.279275  0.320184
3664 0.517766 0.164769  0.317464
1021 0.501742 0.127867  0.370392
3212 0.601675 0.226332  0.171993
2196 0.557015 0.111682  0.331304
2305 0.482312 0.327398  0.19029
1511 0.475263 0.491082  0.033655
926 0.436298 0.426363  0.137339
2106 0.608326 0.245108  0.146566
1511 0.0804501 0.45957  0.45998
1511 0.432373 0.495714  0.0719132
982 0.561122 0.218984  0.219894
1427 0.752743 0.133439  0.113818
923 0.577864 0.0447627  0.377373
4977 0.190592 0.312878  0.496529
973 0.352781 0.484384  0.162835
1134 0.400809 0.297805  0.301385
3141 0.303504 0.579749  0.116747
1690 0.164063 0.557394  0.278543
975 0.284112 0.401821  0.314066
1593 0.28796 0.267976  0.444063
554 0.392208 0.263239  0.344553
1511 0.268048 0.472831  0.259121
684 0.46188 0.472267  0.0658532
3943 0.298928 0.0750691  0.626003
220 0.414463 0.409767  0.17577
1511 0.391369 0.196275  0.412356
982 0.264985 0.385828  0.349187
5159 0.296206 0.328263  0.375531
979 0.336269 0.340904  0.322827
1610 0.321607 0.451581  0.226811
1319 0.238269 0.393876  0.367855
919 0.016606 0.449801  0.533593
4797 0.417587 0.291247  0.291166
981 0.249969 0.411487  0.338544
960 0.252109 0.0165324  0.731359
925 0.382922 0.370247  0.246831
1015 0.310301 0.23782  0.451879
981 0.593506 0.190219  0.216276
2242 0.419534 0.418182  0.162285
1511 0.419165 0.1648  0.416035
5082 0.109798 0.19002  0.700182
2719 0.354026 0.356742  0.289232
1544 0.0164129 0.552656  0.430931
1044 0.00934132 0.590205  0.400454
3935 0.544574 0.316016  0.13941
2752 0.339697 0.171076  0.489227
4093 0.519254 0.370812  0.109934
3761 0.235211 0.258111  0.506678
2549 0.0343041 0.535715  0.429981
946 0.237476 0.31292  0.449605
1633 0.402332 0.183542  0.414126
978 0.0892907 0.564921  0.345788
3856 0.311352 0.498274  0.190374
1610 0.25766 0.40941  0.332931
2809 0.469645 0.149258  0.381097
975 0.190298 0.473816  0.335886
5244 0.454883 0.0804797  0.464638
3216 0.47679 0.104363  0.418846
897 0.531373 0.446159  0.022468
4751 0.445427 0.0986318  0.455941
1610 0.4082 0.3621  0.229701
919 0.558881 0.230586  0.210533
1610 0.559481 0.347484  0.0930352
658 0.559284 0.311904  0.128812
1021 0.0629493 0.661846  0.275204
1511 0.391282 0.0440476  0.564671
4656 0.573385 0.0376343  0.388981
4176 0.306868 0.494619  0.198513
981 0.280774 0.373468  0.345759
1022 0.38086 0.243924  0.375215
2395 0.374954 0.338382  0.286664
2215 0.369076 0.10543  0.525495
2542 0.393998 0.280074  0.325927
1021 0.168858 0.433423  0.397719
182 0.248549 0.570856  0.180596
1015 0.417507 0.462614  0.11988
1613 0.363656 0.0746717  0.561672
1607 0.334768 0.23411  0.431122
1416 0.362079 0.271573  0.366349
3971 0.480695 0.188084  0.331221
1511 0.256643 0.184975  0.558382
765 0.67926 0.259619  0.0611214
1596 0.586611 0.120635  0.292754
4923 0.316211 0.643187  0.0406018
1049 0.413059 0.485906  0.101035
1682 0.231156 0.404591  0.364253
983 0.0515157 0.37695  0.571534
1610 0.10242 0.800849  0.0967311
4590 0.287012 0.473484  0.239504
5311 0.550469 0.0715499  0.377981
3576 0.207206 0.164453  0.628341
3660 0.305231 0.296922  0.397847
973 0.0545177 0.259584  0.685898
3617 0.0782345 0.68298  0.238786
2530 0.432334 0.312664  0.255003
1511 0.519542 0.0336011  0.446857
196 0.298716 0.0513951  0.649889
3231 0.346931 0.347614  0.305455
896 0.0399434 0.455662  0.504395
1576 0.295708 0.189368  0.514925
3816 0.309462 0.44056  0.249978
1661 0.61237 0.220019  0.167611
3067 0.291557 0.0206235  0.68782
3258 0.273637 0.367393  0.35897
3843 0.447647 0.443689  0.108663
1511 0.478751 0.180093  0.341155
4871 0.342227 0.222722  0.435051
1574 0.419699 0.335522  0.244779
963 0.422724 0.464241  0.113035
552 0.278665 0.383605  0.33773
1042 0.490584 0.188138  0.321278
4049 0.504679 0.148572  0.346749
1610 0.317535 0.242771  0.439694
922 0.160941 0.447495  0.391564
1172 0.113752 0.640128  0.24612
2209 0.180745 0.682087  0.137169
1527 0.434216 0.477343  0.0884413
4213 0.424786 0.179258  0.395956
960 0.0203877 0.494539  0.485074
1610 0.401313 0.12725  0.471437
2743 0.570288 0.364238  0.065474
3783 0.206659 0.620016  0.173324
4577 0.66813 0.0671599  0.26471
3573 0.52507 0.35797  0.11696
981 0.7959 0.136253  0.0678469
3174 0.598663 0.014981  0.386356
964 0.0575888 0.353585  0.588826
1596 0.713481 0.249002  0.037517
1511 0.492765 0.0608263  0.446409
1607 0.512834 0.425864  0.0613027
1607 0.537115 0.401037  0.0618478
3633 0.368475 0.255289  0.376236
1511 0.255301 0.427536  0.317163
1511 0.313506 0.249571  0.436923
978 0.343909 0.0315542  0.624537
4501 0.240268 0.448839  0.310894
1607 0.366507 0.294465  0.339028
5040 0.579941 0.317773  0.102285
1882 0.708465 0.103966  0.18757
1051 0.0919942 0.764202  0.143804
852 0.242936 0.282666  0.474398
1058 0.23062 0.544124  0.225256
975 0.408454 0.0581072  0.533439
967 0.252908 0.331962  0.415131
4142 0.638196 0.352157  0.00964712
1610 0.0140491 0.425313  0.560638
1511 0.292634 0.192542  0.514825
1687 0.28236 0.0337556  0.683885
2725 0.436301 0.345792  0.217907
2446 0.23315 0.43462  0.332229
3797 0.520408 0.218628  0.260964
1596 0.553965 0.0939967  0.352039
1022 0.511537 0.292865  0.195598
5160 0.0556119 0.340943  0.603445
2031 0.325642 0.405308  0.26905
1601 0.0678002 0.107437  0.824763
2221 0.502022 0.196993  0.300986
2608 0.310966 0.0888418  0.600192
3729 0.459783 0.322927  0.21729
5070 0.375341 0.299836  0.324823
935 0.133821 0.418327  0.447852
4846 0.41131 0.219233  0.369457
4497 0.364312 0.142538  0.49315
4541 0.547582 0.165757  0.286661
1803 0.05357 0.518953  0.427477
983 0.415781 0.0957356  0.488483
1737 0.419431 0.484879  0.0956904
1029 0.504648 0.0350628  0.460289
5084 0.308775 0.325364  0.365861
2554 0.0752663 0.172421  0.752313
2445 0.319123 0.3322  0.348677
1609 0.479548 0.0730248  0.447427
1098 0.339657 0.493925  0.166419
5215 0.426548 0.354975  0.218477
4212 0.286481 0.468581  0.244939
415 0.324222 0.352044  0.323734
1610 0.0160485 0.49129  0.492662
2927 0.0896514 0.711482  0.198866
4517 0.346227 0.515097  0.138676
1096 0.377523 0.51372  0.108757
1632 0.324255 0.161463  0.514282
983 0.217093 0.385502  0.397405
4385 0.242624 0.307839  0.449537
3916 0.0932566 0.486886  0.419857
5270 0.504504 0.192146  0.303349
2575 0.0217323 0.625096  0.353171
968 0.306252 0.0351555  0.658592
4766 0.334834 0.355191  0.309975
1511 0.0189613 0.685324  0.295714
990 0.491509 0.125468  0.383023
4740 0.134976 0.588054  0.27697
3192 0.483898 0.301626  0.214476
1511 0.374944 0.335698  0.289358
1511 0.133607 0.385811  0.480582
3638 0.413076 0.337679  0.249245
3861 0.503861 0.0628645  0.433275
2499 0.0510458 0.817985  0.130969
1108 0.579428 0.0594488  0.361123
5255 0.715536 0.0717101  0.212754
975 0.184205 0.161486  0.654308
4159 0.219836 0.383266  0.396898
5080 0.365367 0.493532  0.141101
4851 0.241192 0.406922  0.351885
2381 0.413812 0.148443  0.437745
1610 0.168944 0.619501  0.211556
3869 0.361506 0.267585  0.370909
1606 0.359979 0.414499  0.225523
1531 0.597174 0.155915  0.246911
4632 0.509351 0.0739746  0.416675
1538 0.351322 0.421011  0.227666
1661 0.153771 0.716451  0.129778
1552 0.69354 0.0742071  0.232253
973 0.288911 0.385556  0.325533
5070 0.377808 0.240286  0.381906
475 0.309348 0.201008  0.489644
2470 0.445125 0.435606  0.119269
1040 0.600336 0.306735  0.0929289
2248 0.225088 0.38739  0.387522
3293 0.301643 0.301443  0.396914
1049 0.469529 0.0191274  0.511343
1610 0.476442 0.424147  0.0994112
5043 0.331257 0.231302  0.437441
3995 0.214843 0.493654  0.291502
301 0.569504 0.28184  0.148656
2565 0.363797 0.376839  0.259364
2124 0.477689 0.11782  0.404491
5399 0.346274 0.0257712  0.627955
277 0.392633 0.566194  0.0411728
5260 0.231536 0.390992  0.377472
3822 0.292393 0.204055  0.503551
1511 0.192488 0.323523  0.483989
2936 0.514235 0.141535  0.34423
1618 0.459123 0.203078  0.337799
2704 0.610861 0.132763  0.256375
988 0.656301 0.314294  0.0294057
1166 0.553772 0.0285722  0.417656
3299 0.246049 0.708058  0.0458928
384 0.414756 0.0897988  0.495445
4632 0.374124 0.425767  0.200109
1690 0.322204 0.364135  0.313661
2877 0.57781 0.399562  0.0226276
3448 0.402627 0.0278172  0.569556
1511 0.476677 0.434766  0.0885569
1511 0.637911 0.278017  0.0840716
1049 0.280931 0.28044  0.438629
1511 0.579956 0.128795  0.291249
5070 0.323386 0.42203  0.254584
1854 0.171519 0.337078  0.491403
1315 0.0269011 0.474424  0.498675
1610 0.205361 0.594963  0.199676
1610 0.740313 0.0524325  0.207254
1577 0.610929 0.35485  0.0342215
3190 0.332408 0.234603  0.432989
1080 0.639583 0.091733  0.268684
2517 0.443276 0.279708  0.277017
4911 0.317646 0.369413  0.312941
1511 0.297522 0.361903  0.340574
945 0.39328 0.431915  0.174806
2132 0.518244 0.345675  0.136081
2865 0.160223 0.399512  0.440266
4697 0.231088 0.0389017  0.730011
1511 0.571527 0.295503  0.13297
1605 0.50387 0.37858  0.11755
4371 0.175625 0.184212  0.640163
966 0.375575 0.212155  0.41227
978 0.411809 0.441918  0.146273
2268 0.283896 0.46065  0.255455
796 0.431037 0.462743  0.10622
1518 0.520458 0.414166  0.0653765
5422 0.672665 0.0471819  0.280153
109 0.153477 0.453685  0.392838
4599 0.538216 0.125485  0.336299
1511 0.623732 0.109639  0.266629
4861 0.613005 0.0881206  0.298875
1035 0.553802 0.120832  0.325366
990 0.24718 0.300585  0.452235
5061 0.348258 0.348621  0.303121
1015 0.412908 0.0427169  0.544375
5251 0.30701 0.333157  0.359833
1511 0.176969 0.288005  0.535026
2546 0.283596 0.242836  0.473568
978 0.366741 0.452488  0.180771
5181 0.345395 0.36226  0.292345
64 0.588803 0.208821  0.202377
2187 0.279196 0.373455  0.347349
4249 0.251998 0.52345  0.224552
1015 0.467671 0.497809  0.0345196
2648 0.582075 0.277181  0.140744
3539 0.602424 0.304025  0.093551
1694 0.344593 0.407938  0.247469
2399 0.848634 0.0363893  0.114976
387 0.165369 0.457175  0.377456
2179 0.264148 0.270279  0.465573
4577 0.410516 0.458072  0.131412
2354 0.336335 0.536142  0.127523
2450 0.368728 0.110273  0.520999
1029 0.413414 0.41467  0.171915
1610 0.4254 0.144008  0.430592
926 0.269054 0.716874  0.0140722
1599 0.131766 0.598982  0.269251
1511 0.51327 0.403888  0.0828423
1596 0.0873674 0.3441  0.568532
5449 0.0614235 0.579392  0.359185
332 0.356667 0.348465  0.294868
4603 0.516013 0.154118  0.329869
1041 0.245931 0.428482  0.325587
1235 0.298949 0.296796  0.404255
1041 0.378952 0.316283  0.304765
2474 0.267457 0.311125  0.421418
4710 0.316877 0.329286  0.353837
4598 0.158323 0.420881  0.420796
3926 0.193202 0.583614  0.223184
3650 0.189439 0.455054  0.355507
3911 0.111257 0.395296  0.493447
552 0.256348 0.366239  0.377413
1366 0.340627 0.397784  0.261588
1697 0.21778 0.560973  0.221247
3189 0.184386 0.67914  0.136473
2331 0.749075 0.217462  0.0334631
3092 0.398652 0.247759  0.353589
1610 0.418774 0.521027  0.0601993
1670 0.417231 0.460024  0.122744
4603 0.454019 0.330312  0.215669
1605 0.102379 0.602274  0.295347
2499 0.112259 0.599585  0.288156
1511 0.526241 0.324073  0.149686
2238 0.0368417 0.371373  0.591785
1610 0.656177 0.0250936  0.318729
2266 0.289719 0.442096  0.268185
5262 0.535191 0.20017  0.264639
1610 0.277906 0.176385  0.545709
1705 0.535761 0.230892  0.233347
3663 0.520595 0.441314  0.0380913
2833 0.490239 0.233123  0.276637
1610 0.247139 0.335689  0.417173
5089 0.293736 0.301871  0.404393
924 0.369173 0.509706  0.121121
1041 0.751397 0.0450986  0.203505
451 0.324465 0.209977  0.465559
973 0.231002 0.332606  0.436392
1610 0.179477 0.191311  0.629213
1319 0.366812 0.213353  0.419836
3891 0.0397549 0.392774  0.567471
2726 0.194627 0.575246  0.230126
2343 0.469375 0.161137  0.369487
2318 0.485285 0.128847  0.385867
2877 0.26772 0.463401  0.26888
1515 0.0228179 0.325458  0.651724
2493 0.247381 0.458311  0.294308
125 0.571432 0.188928  0.239639
1591 0.516632 0.19158  0.291789
1511 0.545432 0.428724  0.0258441
4467 0.285444 0.56403  0.150526
2546 0.562381 0.0222951  0.415324
3760 0.300455 0.422365  0.27718
4905 0.430581 0.123413  0.446006
418 0.510103 0.392962  0.0969347
1586 0.0240113 0.432603  0.543386
1372 0.132521 0.326422  0.541057
2588 0.635454 0.174633  0.189913
1511 0.235317 0.230871  0.533812
1511 0.295636 0.335308  0.369056
4394 0.382236 0.44271  0.175055
2832 0.510603 0.430338  0.0590597
4415 0.611362 0.188068  0.20057
941 0.356931 0.361907  0.281162
980 0.12874 0.143634  0.727625
1916 0.262841 0.346261  0.390898
2462 0.293589 0.364664  0.341747
1511 0.561606 0.0667643  0.37163
2288 0.252535 0.314844  0.432621
1443 0.365913 0.47791  0.156177
1511 0.24307 0.359129  0.397801
2268 0.304617 0.102069  0.593314
3889 0.245702 0.392661  0.361637
1459 0.0988636 0.105614  0.795522
2591 0.394503 0.258499  0.346997
2057 0.0787101 0.376847  0.544443
3967 0.319486 0.12343  0.557084
3713 0.0793826 0.549488  0.371129
1511 0.290478 0.636772  0.0727502
1596 0.0480372 0.459323  0.49264
4614 0.418012 0.149229  0.432759
1605 0.174933 0.0667581  0.758309
4600 0.372512 0.200076  0.427412
4401 0.685982 0.207078  0.10694
5084 0.282277 0.422731  0.294992
1511 0.207301 0.399593  0.393106
3872 0.705683 0.247398  0.046919
2108 0.662566 0.296791  0.0406435
1529 0.576439 0.108482  0.31508
1511 0.0268504 0.459313  0.513837
4407 0.42291 0.364628  0.212462
2857 0.159623 0.415276  0.425102
4569 0.291838 0.396108  0.312054
1887 0.360737 0.340145  0.299118
1825 0.305204 0.413031  0.281765
911 0.110741 0.103049  0.78621
1610 0.232027 0.291954  0.476019
3606 0.790399 0.077457  0.132144
1606 0.349438 0.240657  0.409905
4588 0.345744 0.422567  0.231689
1510 0.358162 0.479728  0.162109
81 0.388268 0.313082  0.298651
2769 0.258661 0.101421  0.639918
1610 0.207929 0.234728  0.557343
3971 0.322366 0.526963  0.15067
975 0.587632 0.0332621  0.379106
1679 0.0856259 0.353048  0.561326
945 0.416307 0.460406  0.123287
5100 0.427659 0.47732  0.0950208
1610 0.306286 0.415335  0.278379
1511 0.0970073 0.690154  0.212839
1610 0.206591 0.33745  0.455958
1511 0.200949 0.407104  0.391948
1610 0.370427 0.227353  0.402221
5377 0.342676 0.407616  0.249707
3548 0.48266 0.153654  0.363686
1124 0.42014 0.281932  0.297928
1791 0.199083 0.289177  0.51174
4796 0.302 0.259675  0.438325
3904 0.38511 0.241466  0.373424
1606 0.242371 0.58839  0.169239
3829 0.391511 0.124943  0.483546
2908 0.499594 0.0941316  0.406274
1610 0.0662237 0.379881  0.553895
4553 0.204222 0.34026  0.455518
1707 0.555535 0.0231335  0.421331
1590 0.579075 0.340308  0.0806175
2217 0.356013 0.468075  0.175912
3867 0.545573 0.365752  0.0886751
3708 0.212823 0.585403  0.201775
984 0.451876 0.379043  0.169081
2176 0.370353 0.0749994  0.554648
1430 0.0459138 0.521438  0.432648
4642 0.340149 0.639963  0.0198889
1008 0.439746 0.130915  0.429339
2548 0.269402 0.424028  0.30657
1547 0.558403 0.0890889  0.352509
1009 0.247524 0.414103  0.338373
4577 0.50855 0.387039  0.10441
931 0.289669 0.418804  0.291527
966 0.0188987 0.709492  0.271609
1575 0.20152 0.77961  0.01887
962 0.359029 0.177506  0.463465
5064 0.375478 0.0766877  0.547835
1511 0.34568 0.486129  0.168191
1081 0.254407 0.0298426  0.715751
2752 0.144241 0.132769  0.722991
3846 0.217204 0.299347  0.483449
1511 0.439728 0.120793  0.439479
4984 0.151962 0.531683  0.316355
5320 0.258254 0.65048  0.0912657
12 0.171586 0.486975  0.341439
1610 0.105781 0.360736  0.533484
1295 0.233537 0.423034  0.34343
1610 0.381128 0.178607  0.440264
940 0.167644 0.356938  0.475417
1610 0.593282 0.390416  0.0163021
5361 0.27285 0.260827  0.466323
1341 0.296929 0.383819  0.319251
1596 0.500388 0.489298  0.0103147
2777 0.35672 0.317258  0.326022
1610 0.441736 0.231993  0.326271
5046 0.380993 0.390902  0.228105
1817 0.276763 0.359802  0.363435
2511 0.844215 0.114635  0.0411495
983 0.21859 0.0672967  0.714114
1610 0.0469716 0.511765  0.441263
1610 0.563764 0.271164  0.165072
1518 0.53991 0.389777  0.0703127
731 0.198276 0.437185  0.364539
1016 0.365659 0.328363  0.305978
1546 0.429373 0.147118  0.423509
1609 0.724925 0.0771016  0.197974
1511 0.201081 0.393983  0.404937
975 0.348078 0.179017  0.472905
4351 0.43373 0.210536  0.355734
4512 0.638866 0.196976  0.164158
988 0.0956638 0.417425  0.486911
1863 0.30716 0.222373  0.470467
2913 0.421301 0.358377  0.220321
1610 0.469893 0.431909  0.0981989
1610 0.401552 0.564876  0.0335719
92 0.100635 0.499004  0.400361
1330 0.337304 0.271021  0.391675
3144 0.347513 0.461509  0.190977
1606 0.119715 0.471687  0.408599
281 0.244798 0.434617  0.320585
1610 0.250959 0.404031  0.345011
1595 0.182793 0.422876  0.394331
1607 0.199896 0.344396  0.455707
983 0.257337 0.341658  0.401006
1495 0.342311 0.323293  0.334396
96 0.257194 0.373103  0.369703
2752 0.274324 0.34396  0.381716
1601 0.397548 0.0125725  0.589879
3863 0.265876 0.441104  0.29302
658 0.0274048 0.880836  0.0917595
2242 0.244534 0.340561  0.414905
1035 0.24667 0.457689  0.295641
1023 0.0962576 0.440756  0.462987
4288 0.180296 0.800948  0.0187563
1574 0.67813 0.245538  0.0763317
1511 0.638305 0.06166  0.300035
5074 0.460801 0.202178  0.337021
1318 0.324796 0.0773229  0.597881
2593 0.153883 0.0937976  0.75232
1095 0.0392056 0.479754  0.48104
5303 0.0359153 0.346164  0.61792
1058 0.687798 0.224001  0.0882001
4503 0.574596 0.308521  0.116883
4650 0.314411 0.272702  0.412887
2068 0.416051 0.118764  0.465185
2423 0.379764 0.378528  0.241708
982 0.575714 0.32433  0.0999562
1331 0.415663 0.246726  0.337611
1137 0.238704 0.39804  0.363256
1610 0.233843 0.343872  0.422285
1511 0.829159 0.146871  0.0239705
983 0.0263738 0.460277  0.513349
1691 0.130558 0.411472  0.45797
1511 0.443617 0.376222  0.18016
919 0.64824 0.143606  0.208153
197 0.491355 0.448719  0.059926
1341 0.0400265 0.139055  0.820919
2184 0.124554 0.349238  0.526209
1511 0.478232 0.187214  0.334554
1511 0.690011 0.218339  0.0916504
1603 0.121843 0.547289  0.330868
1596 0.403737 0.441566  0.154697
1511 0.486058 0.433647  0.0802948
1610 0.116186 0.270318  0.613495
983 0.52922 0.356845  0.113934
4296 0.220853 0.520633  0.258514
482 0.462512 0.364732  0.172757
2838 0.135153 0.651696  0.213151
1102 0.482084 0.242004  0.275912
1610 0.480335 0.221537  0.298128
1511 0.266059 0.414782  0.319159
2286 0.225988 0.356678  0.417335
686 0.253401 0.436301  0.310298
1511 0.0451971 0.171473  0.78333
1511 0.44914 0.310853  0.240007
1884 0.444158 0.441728  0.114114
1511 0.465152 0.43535  0.099498
3856 0.375592 0.123777  0.500631
940 0.639795 0.341804  0.0184014
8 0.409155 0.402355  0.18849
1511 0.410888 0.425529  0.163582
4912 0.81523 0.128489  0.0562815
1511 0.331147 0.412596  0.256257
1516 0.540488 0.114943  0.344569
335 0.559491 0.279501  0.161009
1740 0.355837 0.573029  0.0711348
3414 0.461825 0.458962  0.0792136
1610 0.406323 0.165084  0.428593
919 0.443008 0.178442  0.37855
973 0.183224 0.430511  0.386265
3934 0.155258 0.453642  0.391101
1149 0.283 0.651252  0.0657488
5083 0.235825 0.181402  0.582773
4382 0.536819 0.0204695  0.442712
3806 0.335968 0.643467  0.0205647
4400 0.33685 0.182773  0.480377
984 0.158879 0.487641  0.35348
964 0.325546 0.391062  0.283392
1587 0.575338 0.0241854  0.400476
2729 0.392071 0.360828  0.247101
1511 0.19059 0.77751  0.0319
3795 0.475344 0.351143  0.173513
1511 0.408242 0.199414  0.392343
1861 0.076444 0.227192  0.696364
557 0.368823 0.275756  0.355422
4521 0.607634 0.354364  0.0380023
5041 0.0770265 0.403071  0.519902
2660 0.145218 0.367519  0.487262
4775 0.27559 0.36756  0.35685
935 0.461881 0.105004  0.433116
481 0.175719 0.59078  0.233501
1511 0.416078 0.371744  0.212179
964 0.353385 0.528081  0.118534
3911 0.467111 0.485455  0.0474336
1511 0.230724 0.39715  0.372126
2954 0.198423 0.446449  0.355128
983 0.376968 0.093888  0.529144
4583 0.381682 0.208603  0.409714
1610 0.408078 0.494846  0.0970756
2752 0.155005 0.745137  0.0998574
1511 0.350489 0.5016  0.14791
3177 0.232819 0.44052  0.326661
1542 0.671373 0.241168  0.0874588
1615 0.529145 0.421531  0.0493242
1682 0.481422 0.347263  0.171315
1525 0.253843 0.473624  0.272533
156 0.0777507 0.500529  0.42172
973 0.266177 0.232614  0.501209
2930 0.235284 0.304156  0.46056
3881 0.299596 0.654621  0.0457824
2840 0.347207 0.343373  0.30942
2256 0.480047 0.105187  0.414765
1254 0.166916 0.701427  0.131657
925 0.134726 0.181397  0.683877
3462 0.570203 0.0225079  0.407289
1123 0.21495 0.48433  0.30072
1609 0.166857 0.533454  0.299689
526 0.385055 0.177481  0.437465
1135 0.422365 0.381303  0.196332
1596 0.286302 0.537882  0.175816
1710 0.209475 0.401021  0.389504
1511 0.178831 0.31519  0.505978
1610 0.381319 0.519061  0.0996199
2953 0.173292 0.743531  0.0831766
1511 0.122843 0.484367  0.39279
1511 0.361114 0.570493  0.0683926
1607 0.375929 0.442087  0.181984
1610 0.445219 0.158343  0.396438
3274 0.388263 0.416139  0.195598
1569 0.759209 0.0415638  0.199227
2743 0.00752261 0.464368  0.52811
5447 0.42578 0.165942  0.408277
2602 0.0689889 0.382388  0.548623
5346 0.209442 0.272012  0.518545
1016 0.652234 0.163066  0.184701
24 0.437538 0.0976295  0.464832
1511 0.299361 0.50014  0.2005
2299 0.0716937 0.653823  0.274484
51 0.340514 0.316538  0.342948
4553 0.309757 0.135257  0.554986
1511 0.281085 0.409988  0.308927
1643 0.422092 0.443665  0.134244
1331 0.169846 0.383898  0.446256
1610 0.178511 0.450997  0.370492
1610 0.571836 0.0336372  0.394527
1591 0.449993 0.183471  0.366536
1511 0.174627 0.425061  0.400312
1575 0.393374 0.310475  0.296151
2443 0.289613 0.381589  0.328798
1008 0.0142838 0.510136  0.475581
3019 0.64578 0.185984  0.168236
5263 0.209344 0.324747  0.465909
908 0.0814292 0.452629  0.465942
4851 0.0509012 0.554089  0.395009
921 0.20749 0.712297  0.0802134
1284 0.267872 0.348391  0.383737
1610 0.437108 0.140037  0.422855
2730 0.182597 0.571007  0.246397
4195 0.147592 0.552832  0.299576
965 0.513745 0.372336  0.113918
1682 0.361644 0.338094  0.300262
916 0.114717 0.543172  0.342111
1511 0.206353 0.176504  0.617143
3880 0.400093 0.273881  0.326026
1575 0.296133 0.588787  0.11508
1682 0.304006 0.15419  0.541804
3482 0.34335 0.278425  0.378224
3583 0.102413 0.34165  0.555937
2334 0.156394 0.784498  0.0591075
3666 0.339032 0.439679  0.221289
67 0.235897 0.326982  0.437121
2460 0.355958 0.240699  0.403343
3072 0.487381 0.228189  0.28443
3970 0.420421 0.340282  0.239297
3629 0.221175 0.437364  0.341461
3710 0.0979004 0.164706  0.737393
4637 0.329889 0.182597  0.487514
3705 0.176169 0.517577  0.306254
1550 0.406518 0.209889  0.383593
1511 0.150584 0.233243  0.616173
5036 0.051118 0.667489  0.281394
2457 0.105866 0.440957  0.453177
1596 0.401453 0.286887  0.31166
921 0.118366 0.464377  0.417257
1009 0.0406425 0.411444  0.547913
3707 0.232839 0.365691  0.40147
2742 0.334488 0.307721  0.357792
5332 0.66758 0.296678  0.035742
4934 0.355816 0.51578  0.128404
1511 0.500539 0.186174  0.313286
1511 0.467755 0.187025  0.34522
3651 0.462475 0.280523  0.257002
1610 0.543709 0.249611  0.20668
3851 0.549136 0.351484  0.0993797
1607 0.155846 0.559936  0.284219
1577 0.335417 0.532913  0.13167
1593 0.394729 0.422116  0.183155
5012 0.17308 0.065164  0.761756
1042 0.58412 0.387058  0.0288223
4847 0.449708 0.188997  0.361295
1514 0.454052 0.363102  0.182846
1184 0.534054 0.265118  0.200827
3479 0.320227 0.13625  0.543523
1511 0.428988 0.420182  0.15083
1239 0.496529 0.352261  0.151211
987 0.452394 0.0706744  0.476932
2226 0.572238 0.409555  0.0182072
1032 0.335917 0.447007  0.217076
1511 0.325755 0.295315  0.37893
4523 0.0953471 0.456813  0.44784
1905 0.227668 0.151557  0.620775
1544 0.21851 0.377584  0.403907
1035 0.274182 0.563245  0.162573
2473 0.662133 0.311811  0.026056
983 0.317273 0.359754  0.322973
4588 0.184211 0.233665  0.582124
3105 0.36449 0.287929  0.347581
3742 0.394135 0.386721  0.219144
4887 0.0842134 0.412558  0.503228
4614 0.41747 0.309593  0.272937
1511 0.276408 0.51314  0.210452
981 0.162473 0.579937  0.25759
1511 0.151741 0.440972  0.407287
1526 0.732272 0.0223633  0.245364
598 0.39668 0.319618  0.283702
919 0.0721343 0.484169  0.443697
984 0.411048 0.25084  0.338112
1947 0.111937 0.281873  0.606191
2507 0.201841 0.244261  0.553898
1609 0.240061 0.285607  0.474331
1614 0.366372 0.351345  0.282282
1610 0.412239 0.326693  0.261067
1039 0.279252 0.60709  0.113658
1605 0.345051 0.508656  0.146293
3582 0.223261 0.310139  0.466599
953 0.0148479 0.453185  0.531967
402 0.316571 0.407931  0.275498
1854 0.51932 0.215429  0.265251
921 0.0487823 0.435703  0.515515
1602 0.765627 0.0301946  0.204179
2265 0.22098 0.389869  0.389151
4506 0.29392 0.0247534  0.681326
3448 0.304467 0.281767  0.413766
937 0.0862173 0.617258  0.296525
3736 0.107438 0.283851  0.60871
4718 0.264869 0.458117  0.277013
2317 0.28767 0.244168  0.468162
4563 0.487034 0.307566  0.2054
460 0.340533 0.325239  0.334227
3955 0.487446 0.296688  0.215866
1511 0.48367 0.192548  0.323782
3089 0.0421637 0.720656  0.23718
1767 0.156179 0.0739116  0.769909
3656 0.496361 0.0871842  0.416454
1761 0.402584 0.40367  0.193746
1021 0.117944 0.570397  0.31166
1511 0.0538326 0.40702  0.539147
2579 0.343026 0.326966  0.330008
973 0.329619 0.18669  0.483691
2177 0.162999 0.433245  0.403756
1511 0.117098 0.730061  0.152841
3664 0.254087 0.428999  0.316915
4006 0.445544 0.427322  0.127134
5320 0.0799935 0.0562245  0.863782
4508 0.57076 0.132937  0.296303
2547 0.0628162 0.804516  0.132668
2277 0.392986 0.226779  0.380235
1522 0.386384 0.471979  0.141637
1511 0.535024 0.0570547  0.407921
1708 0.509387 0.371572  0.11904
2787 0.464127 0.173548  0.362325
921 0.508902 0.136702  0.354396
440 0.320997 0.332884  0.346118
1028 0.150861 0.292112  0.557027
1596 0.164185 0.0682632  0.767551
2367 0.493632 0.167825  0.338543
953 0.316445 0.289301  0.394254
2235 0.330672 0.0212767  0.648051
4892 0.0724367 0.11829  0.809273
1609 0.190765 0.495734  0.313501
979 0.196198 0.694008  0.109794
1610 0.393267 0.379859  0.226874
2399 0.401049 0.312436  0.286515
1769 0.28598 0.382194  0.331826
1691 0.320307 0.345647  0.334046
791 0.280003 0.42027  0.299726
484 0.424469 0.0154593  0.560072
2703 0.317717 0.460842  0.221441
1912 0.0731464 0.356189  0.570664
1692 0.366494 0.325615  0.307891
3675 0.487919 0.0798628  0.432219
4229 0.236841 0.440203  0.322956
1511 0.404946 0.273427  0.321628
4217 0.520784 0.227248  0.251968
3082 0.234502 0.12604  0.639458
1552 0.412112 0.37284  0.215048
1622 0.115592 0.422798  0.46161
2942 0.451101 0.462097  0.0868019
1264 0.177284 0.518005  0.304712
1511 0.41886 0.0183675  0.562772
3871 0.712656 0.175221  0.112123
3719 0.0499738 0.589913  0.360114
1616 0.379751 0.226601  0.393648
1029 0.577655 0.402475  0.0198696
1740 0.475193 0.472553  0.0522542
1446 0.164842 0.467801  0.367357
154 0.470624 0.233234  0.296142
3742 0.411797 0.192856  0.395347
2731 0.452316 0.146245  0.40144
4699 0.440994 0.322336  0.236669
3395 0.415092 0.196671  0.388236
3829 0.297015 0.123827  0.579158
266 0.216327 0.295976  0.487697
3841 0.048682 0.466832  0.484486
5423 0.248731 0.659709  0.0915606
4265 0.278194 0.296346  0.42546
935 0.438434 0.363562  0.198005
4663 0.204254 0.395018  0.400728
1553 0.805866 0.0633651  0.130769
1511 0.440659 0.233439  0.325902
1511 0.59109 0.29343  0.11548
2469 0.258816 0.358669  0.382515
2480 0.148615 0.491231  0.360154
2739 0.32268 0.340635  0.336685
1062 0.223233 0.0370578  0.739709
2722 0.45616 0.488255  0.055585
1609 0.287757 0.567517  0.144726
3847 0.453061 0.242299  0.304639
4498 0.23439 0.261943  0.503667
3967 0.47529 0.487282  0.0374282
1043 0.394298 0.386794  0.218908
3322 0.315449 0.429282  0.25527
3759 0.599169 0.160875  0.239956
4564 0.498866 0.2944  0.206734
1520 0.405179 0.30388  0.290941
1511 0.388764 0.193765  0.417472
978 0.282886 0.348834  0.36828
1585 0.12094 0.513631  0.365429
1009 0.180185 0.509697  0.310118
2724 0.107405 0.431583  0.461012
2458 0.0902972 0.38592  0.523783
705 0.348813 0.329293  0.321894
1666 0.317715 0.0212824  0.661002
2719 0.0895994 0.376487  0.533914
207 0.233091 0.480563  0.286346
982 0.12364 0.275051  0.601309
1593 0.393795 0.150889  0.455316
525 0.547003 0.274205  0.178792
1511 0.199601 0.473084  0.327315
1015 0.808838 0.13611  0.0550517
1015 0.491567 0.204204  0.304229
1511 0.302903 0.266229  0.430868
2742 0.665679 0.288564  0.0457569
1682 0.0285971 0.435516  0.535886
1688 0.225604 0.283849  0.490547
1015 0.921282 0.0444346  0.0342829
4284 0.0115323 0.426114  0.562354
550 0.386726 0.452273  0.161
1514 0.398489 0.363001  0.23851
1511 0.264939 0.482666  0.252395
2273 0.393173 0.0591597  0.547667
1587 0.344047 0.48566  0.170293
5038 0.329627 0.553041  0.117333
4632 0.426973 0.343561  0.229465
1705 0.457923 0.303853  0.238224
1511 0.0636586 0.622681  0.31366
981 0.0370593 0.286981  0.675959
5079 0.212454 0.390373  0.397172
4510 0.247818 0.439895  0.312287
1610 0.409637 0.416247  0.174116
5368 0.389013 0.520895  0.0900918
1638 0.294431 0.320968  0.384601
3817 0.165714 0.324194  0.510092
4230 0.221456 0.335385  0.443159
5040 0.498986 0.1875  0.313514
1015 0.263086 0.440427  0.296487
5239 0.310937 0.289413  0.39965
4132 0.510776 0.265479  0.223745
4571 0.152428 0.395218  0.452354
1550 0.38658 0.363158  0.250262
5083 0.340639 0.505235  0.154127
1228 0.251045 0.34951  0.399445
1029 0.197162 0.287135  0.515703
1511 0.393777 0.267538  0.338685
2917 0.335868 0.508663  0.155469
1511 0.0612105 0.573649  0.365141
4857 0.191828 0.362437  0.445734
4605 0.55176 0.379648  0.0685922
1602 0.425992 0.139781  0.434227
1511 0.786858 0.163925  0.0492177
5163 0.567748 0.225749  0.206502
3908 0.241297 0.542906  0.215797
2273 0.541044 0.358217  0.100739
3296 0.403202 0.470048  0.12675
983 0.140559 0.740044  0.119397
1511 0.413884 0.208436  0.37768
2308 0.627833 0.111675  0.260492
4637 0.143476 0.370094  0.48643
797 0.818638 0.0635433  0.117818
3842 0.169191 0.532184  0.298624
1638 0.496323 0.167182  0.336495
3569 0.327477 0.479958  0.192565
1511 0.512033 0.173959  0.314008
1610 0.0532377 0.335537  0.611226
940 0.306615 0.314991  0.378394
2717 0.296722 0.411472  0.291806
888 0.196925 0.499207  0.303868
1643 0.415042 0.288985  0.295974
2276 0.0745057 0.496307  0.429187
982 0.782672 0.0974729  0.119856
3898 0.634357 0.272091  0.0935525
3242 0.306681 0.183195  0.510124
2730 0.348701 0.108314  0.542985
181 0.0402346 0.494539  0.465226
2889 0.135516 0.432068  0.432416
1705 0.412841 0.352767  0.234392
