5055 0.0746252 0.0380127  0.887362
3876 0.190119 0.0218923  0.787988
3656 0.220649 0.366047  0.413304
1576 0.12608 0.415277  0.458643
3336 0.305693 0.667569  0.0267382
4154 0.558858 0.175069  0.266073
4095 0.0680278 0.633518  0.298454
6551 0.0634994 0.420579  0.515921
6607 0.269317 0.644186  0.0864966
6102 0.612433 0.215248  0.172319
5610 0.303055 0.231891  0.465055
1492 0.412152 0.268354  0.319494
5026 0.296276 0.107001  0.596723
3719 0.465746 0.201583  0.332671
6296 0.230741 0.328413  0.440845
3515 0.307001 0.432812  0.260186
2086 0.39693 0.427161  0.175909
1978 0.400901 0.156845  0.442253
6383 0.707096 0.260638  0.0322656
5232 0.3165 0.383139  0.300361
1900 0.2676 0.290545  0.441854
1893 0.309514 0.64269  0.047796
598 0.363994 0.383725  0.252282
4377 0.192421 0.497769  0.30981
2338 0.215336 0.36363  0.421034
2802 0.433 0.26593  0.30107
448 0.0536254 0.454846  0.491529
761 0.315044 0.169724  0.515233
2101 0.133446 0.76146  0.105094
2171 0.495723 0.165925  0.338352
1517 0.427518 0.355768  0.216714
4638 0.485281 0.336363  0.178356
3713 0.303682 0.321069  0.375249
1239 0.501753 0.270052  0.228195
5856 0.477416 0.256372  0.266211
5676 0.346298 0.350778  0.302924
5003 0.533259 0.0363793  0.430361
5217 0.175243 0.344756  0.480001
4007 0.0956268 0.396896  0.507477
2645 0.491972 0.241896  0.266132
2497 0.616767 0.344972  0.0382609
6514 0.420272 0.318091  0.261637
5887 0.301711 0.246534  0.451755
6636 0.0363614 0.428988  0.53465
4616 0.517109 0.148565  0.334326
3323 0.317521 0.459551  0.222928
4689 0.147799 0.653629  0.198573
2012 0.268584 0.315432  0.415983
1067 0.117589 0.0940139  0.788397
6606 0.0777586 0.335976  0.586265
3493 0.0281318 0.101265  0.870603
5833 0.374034 0.580051  0.0459141
766 0.262012 0.312188  0.4258
3257 0.441868 0.369911  0.18822
3669 0.521059 0.0335288  0.445412
2726 0.560648 0.282851  0.156501
4680 0.732806 0.188248  0.0789457
6053 0.157833 0.23852  0.603647
6346 0.560463 0.297608  0.141929
3921 0.828586 0.134334  0.0370799
713 0.341702 0.521859  0.136439
445 0.349171 0.562197  0.0886324
6450 0.252451 0.221694  0.525854
4645 0.38861 0.367091  0.244299
3082 0.128282 0.435969  0.435748
3453 0.0142626 0.445979  0.539758
4337 0.465585 0.256121  0.278294
5005 0.182703 0.445653  0.371644
2138 0.249386 0.436366  0.314248
797 0.47892 0.20704  0.31404
5930 0.0569462 0.448682  0.494372
6110 0.377527 0.213011  0.409462
1539 0.562138 0.40149  0.0363721
6125 0.464234 0.494124  0.0416419
4863 0.429202 0.480955  0.0898429
2885 0.368098 0.314465  0.317436
19 0.496648 0.359057  0.144295
1153 0.0611382 0.239492  0.69937
3472 0.335017 0.343239  0.321744
1057 0.332306 0.142272  0.525422
4504 0.048315 0.435805  0.51588
2574 0.230257 0.409534  0.360209
495 0.263655 0.352722  0.383623
3747 0.201368 0.0569015  0.741731
1114 0.21548 0.70153  0.0829904
3425 0.564529 0.250001  0.18547
5525 0.422335 0.0081746  0.569491
6053 0.154426 0.572192  0.273382
1873 0.0724503 0.583257  0.344293
6604 0.130498 0.212983  0.656519
739 0.586145 0.0515026  0.362353
4338 0.347463 0.323197  0.32934
2546 0.0348953 0.0875417  0.877563
808 0.273713 0.634999  0.0912886
3720 0.545856 0.386907  0.0672376
4490 0.38573 0.191259  0.423011
717 0.0866441 0.754284  0.159072
6266 0.0935852 0.818684  0.0877305
3378 0.368597 0.330052  0.301351
3885 0.352322 0.318483  0.329194
4647 0.346717 0.442216  0.211068
4565 0.332937 0.15391  0.513153
5348 0.306105 0.301582  0.392313
1284 0.154443 0.422389  0.423168
184 0.248703 0.702214  0.0490823
2836 0.25077 0.230472  0.518758
2855 0.253078 0.575276  0.171646
1087 0.461112 0.415603  0.123285
1542 0.302131 0.296667  0.401202
2895 0.0418876 0.581799  0.376313
107 0.108108 0.56915  0.322741
1330 0.394193 0.127943  0.477864
4840 0.757484 0.131305  0.111211
3151 0.191083 0.629345  0.179572
4831 0.119536 0.415228  0.465236
2986 0.149902 0.496624  0.353474
5420 0.114549 0.558949  0.326503
313 0.718904 0.0804262  0.20067
3550 0.273932 0.141982  0.584086
4727 0.255221 0.352421  0.392358
1298 0.0863102 0.292536  0.621154
932 0.552421 0.236347  0.211232
4552 0.459933 0.231375  0.308692
6333 0.443784 0.0783039  0.477912
2105 0.404393 0.360539  0.235068
1927 0.156172 0.531094  0.312734
5003 0.796945 0.0651308  0.137924
190 0.476458 0.0944815  0.42906
6637 0.34637 0.602014  0.0516165
4567 0.595268 0.0871689  0.317564
5343 0.593076 0.0995507  0.307373
4274 0.242016 0.388562  0.369422
715 0.09985 0.437067  0.463083
5997 0.429888 0.438377  0.131735
3168 0.282171 0.53179  0.186039
301 0.576912 0.105393  0.317694
6638 0.435476 0.0729058  0.491619
1643 0.187301 0.36509  0.447609
6448 0.448239 0.459697  0.0920643
4823 0.0931298 0.430646  0.476224
759 0.668393 0.126146  0.205461
529 0.219378 0.0693321  0.71129
1314 0.221452 0.413088  0.36546
2984 0.362465 0.526356  0.111179
6150 0.250849 0.371921  0.37723
2320 0.355536 0.343012  0.301453
5118 0.480396 0.470909  0.0486949
1970 0.397978 0.540083  0.061939
207 0.0515347 0.330994  0.617471
1550 0.302002 0.12603  0.571968
2967 0.382001 0.197359  0.42064
1282 0.382964 0.423898  0.193138
2002 0.359337 0.266612  0.374052
6141 0.724407 0.191852  0.0837415
1308 0.381638 0.340361  0.278001
4838 0.270535 0.378879  0.350587
793 0.361977 0.184681  0.453342
2557 0.459943 0.400071  0.139986
387 0.141594 0.350091  0.508315
4859 0.577322 0.337491  0.0851872
2100 0.672002 0.0782273  0.249771
1631 0.568949 0.271252  0.1598
2816 0.46349 0.214795  0.321714
355 0.324669 0.213659  0.461672
1478 0.55242 0.150287  0.297293
4964 0.469743 0.308073  0.222184
3517 0.480498 0.360185  0.159317
4420 0.367121 0.56629  0.0665883
172 0.276421 0.400543  0.323036
2557 0.340554 0.457163  0.202283
452 0.236892 0.417457  0.34565
5810 0.358937 0.284146  0.356917
2029 0.264743 0.360646  0.374612
362 0.229272 0.483833  0.286895
2191 0.253753 0.168506  0.577741
1233 0.476862 0.128424  0.394714
2729 0.431564 0.147214  0.421221
2811 0.426635 0.269419  0.303945
2791 0.392305 0.312133  0.295561
2676 0.362507 0.308461  0.329033
1117 0.205223 0.274704  0.520073
231 0.559413 0.379734  0.0608523
1529 0.107922 0.588312  0.303766
4973 0.345398 0.495402  0.1592
5970 0.0912449 0.354135  0.55462
2154 0.263947 0.522674  0.213379
1767 0.623828 0.137378  0.238794
429 0.438113 0.53791  0.0239771
5642 0.0197626 0.627931  0.352306
3785 0.228114 0.463526  0.30836
3998 0.599497 0.269678  0.130825
4401 0.277411 0.412279  0.31031
4150 0.432828 0.523814  0.0433587
3736 0.174248 0.78757  0.0381821
3919 0.495891 0.487031  0.0170781
674 0.608255 0.237009  0.154736
206 0.287563 0.392844  0.319593
1029 0.578699 0.218803  0.202498
5818 0.136886 0.465421  0.397693
6632 0.298659 0.368173  0.333168
2064 0.768088 0.0680363  0.163876
2581 0.0188419 0.467973  0.513185
6306 0.221898 0.457059  0.321043
5530 0.210572 0.309762  0.479666
1151 0.317307 0.365144  0.31755
5264 0.580579 0.237954  0.181468
4083 0.33149 0.415602  0.252909
1283 0.16469 0.575741  0.259569
4396 0.410079 0.508297  0.0816244
5106 0.330331 0.33692  0.332749
3898 0.631649 0.198733  0.169618
6056 0.369969 0.175882  0.454149
5098 0.682651 0.295207  0.0221427
2613 0.27941 0.426777  0.293812
1517 0.408385 0.360695  0.23092
774 0.406209 0.562697  0.0310941
3657 0.849548 0.0656708  0.0847815
382 0.336458 0.300415  0.363127
2824 0.462624 0.204139  0.333237
1067 0.168416 0.383802  0.447782
1015 0.0884211 0.442408  0.46917
4345 0.0391218 0.741415  0.219463
6327 0.258928 0.398173  0.342899
5828 0.060375 0.259934  0.679691
5049 0.462587 0.490122  0.0472903
2622 0.366425 0.618138  0.0154366
4319 0.320313 0.314237  0.36545
3630 0.364618 0.396008  0.239374
3566 0.23167 0.14995  0.61838
1494 0.532231 0.0746977  0.393071
3088 0.372638 0.141318  0.486044
6171 0.547443 0.266278  0.186279
1541 0.0207871 0.456208  0.523005
4404 0.381333 0.406286  0.212381
1000 0.360257 0.312718  0.327025
3962 0.0993788 0.306444  0.594177
3998 0.394834 0.562089  0.0430776
3211 0.437841 0.203954  0.358205
631 0.615534 0.13443  0.250036
452 0.451594 0.462307  0.0860982
1752 0.150022 0.156416  0.693562
2324 0.325014 0.0256153  0.649371
4770 0.191915 0.504947  0.303138
6639 0.178931 0.459109  0.36196
1988 0.770713 0.031383  0.197904
4012 0.203627 0.40664  0.389733
1651 0.324834 0.376272  0.298893
4458 0.191168 0.366159  0.442673
6165 0.428245 0.239647  0.332108
5275 0.069637 0.482861  0.447502
6059 0.644802 0.235836  0.119362
4231 0.216789 0.358045  0.425166
596 0.32623 0.15284  0.52093
1867 0.220338 0.340605  0.439057
4891 0.407905 0.172932  0.419163
5397 0.258911 0.499537  0.241551
3108 0.333276 0.501156  0.165568
3229 0.373837 0.208156  0.418007
5190 0.342799 0.326285  0.330915
5948 0.284891 0.265883  0.449225
4128 0.583669 0.155053  0.261278
3384 0.251944 0.0775271  0.670529
1118 0.118402 0.167183  0.714416
3906 0.468255 0.506365  0.0253797
791 0.202562 0.148495  0.648943
5035 0.534656 0.0319498  0.433394
1882 0.0339042 0.271822  0.694274
1657 0.129093 0.465598  0.405308
5247 0.510206 0.268813  0.220981
2386 0.15287 0.38182  0.46531
1835 0.56343 0.208132  0.228437
3128 0.572726 0.108719  0.318555
4254 0.0893883 0.642884  0.267727
2224 0.500818 0.0957818  0.4034
3067 0.38748 0.439338  0.173182
1763 0.250475 0.312297  0.437228
6295 0.190756 0.436754  0.37249
3916 0.510068 0.0627075  0.427225
2401 0.432766 0.378214  0.18902
4559 0.496604 0.460009  0.043387
2839 0.0148928 0.162998  0.822109
3186 0.117196 0.264242  0.618561
2552 0.140912 0.697443  0.161645
5368 0.464396 0.0416901  0.493914
5860 0.334477 0.41142  0.254103
1886 0.374479 0.441642  0.18388
3781 0.15291 0.350323  0.496767
4513 0.158337 0.552586  0.289077
2239 0.47915 0.326265  0.194585
6523 0.0365342 0.801616  0.161849
5685 0.776102 0.168894  0.0550042
3795 0.40405 0.517025  0.0789247
5150 0.3102 0.289005  0.400795
2169 0.400012 0.248856  0.351133
2908 0.307435 0.392721  0.299844
4878 0.593809 0.30689  0.0993015
6545 0.369564 0.40952  0.220916
3746 0.58893 0.236864  0.174206
5330 0.122841 0.549042  0.328117
926 0.0974688 0.454502  0.448029
6171 0.343152 0.432853  0.223995
6248 0.373496 0.43674  0.189764
344 0.0846921 0.904721  0.0105869
3038 0.531709 0.21348  0.254811
6184 0.376719 0.357018  0.266264
2389 0.426101 0.0339353  0.539963
3762 0.3457 0.430215  0.224085
6140 0.54492 0.150053  0.305027
2863 0.398156 0.149211  0.452633
845 0.497414 0.227659  0.274927
4155 0.385175 0.483975  0.130849
3992 0.222877 0.40405  0.373073
897 0.555735 0.250601  0.193664
4015 0.0897457 0.836406  0.0738485
5351 0.2841 0.580864  0.135036
6160 0.533333 0.236446  0.230221
4554 0.0170779 0.0849555  0.897967
6396 0.766112 0.198704  0.0351841
5533 0.348461 0.0929016  0.558638
4538 0.32119 0.618877  0.0599327
2986 0.443632 0.364689  0.191678
3951 0.469937 0.323807  0.206256
1154 0.0330305 0.548374  0.418595
2812 0.515922 0.0137558  0.470322
5774 0.380833 0.118462  0.500705
6525 0.13248 0.493715  0.373805
1160 0.44141 0.285521  0.273069
5642 0.31337 0.495095  0.191535
2408 0.0271262 0.20457  0.768304
5034 0.294841 0.0745961  0.630562
5465 0.399118 0.357885  0.242997
1627 0.39437 0.5821  0.0235303
594 0.206125 0.252796  0.54108
2349 0.589504 0.380975  0.0295204
2686 0.0528248 0.504282  0.442893
4679 0.159919 0.436218  0.403863
4306 0.406662 0.310788  0.28255
5498 0.382911 0.347645  0.269444
4172 0.25579 0.395977  0.348233
709 0.285726 0.307355  0.406919
5053 0.394645 0.409461  0.195894
945 0.183451 0.295429  0.52112
6409 0.350953 0.496297  0.15275
2434 0.567633 0.211372  0.220995
3153 0.286208 0.265866  0.447926
3368 0.108914 0.506709  0.384377
888 0.473952 0.0470969  0.478951
3324 0.47013 0.49121  0.0386598
2923 0.270246 0.323972  0.405783
2385 0.441437 0.11158  0.446984
2119 0.317343 0.426885  0.255772
2052 0.147806 0.563836  0.288357
1810 0.421861 0.376104  0.202035
6547 0.527847 0.129175  0.342978
1906 0.508761 0.388396  0.102843
4996 0.250779 0.693695  0.0555254
6297 0.478286 0.16488  0.356834
880 0.290002 0.41654  0.293459
3011 0.371235 0.201774  0.42699
3730 0.218806 0.391728  0.389466
357 0.40861 0.0616417  0.529748
5830 0.498267 0.063674  0.438059
5778 0.277318 0.148362  0.574321
3010 0.467266 0.473498  0.0592361
6504 0.320322 0.172513  0.507164
3977 0.188145 0.286882  0.524973
1491 0.419655 0.55589  0.024455
5463 0.539011 0.284407  0.176582
3953 0.454647 0.128099  0.417254
1053 0.156233 0.336542  0.507225
5512 0.146702 0.461504  0.391794
1245 0.273322 0.566995  0.159683
6545 0.158988 0.271338  0.569674
287 0.673471 0.173521  0.153007
5530 0.125284 0.328633  0.546083
3974 0.282206 0.0677386  0.650056
488 0.479708 0.129133  0.391159
3801 0.10691 0.30024  0.59285
1020 0.3526 0.300975  0.346425
3974 0.199149 0.677685  0.123166
3699 0.501116 0.0212668  0.477618
3422 0.393317 0.321216  0.285467
1093 0.276601 0.0743314  0.649068
3835 0.431362 0.305546  0.263092
2274 0.387358 0.207719  0.404923
6228 0.287905 0.552596  0.159499
4778 0.403062 0.528135  0.0688037
5042 0.331097 0.147492  0.521411
385 0.0225273 0.628605  0.348868
6589 0.391924 0.380501  0.227575
2377 0.195866 0.24021  0.563924
6194 0.575307 0.270288  0.154405
6099 0.399922 0.418451  0.181627
5062 0.539482 0.337625  0.122893
4340 0.231141 0.42614  0.342719
5424 0.275553 0.529209  0.195238
4675 0.183856 0.39602  0.420124
5913 0.130469 0.289535  0.579997
494 0.359925 0.132668  0.507406
3968 0.169505 0.423175  0.40732
3706 0.302017 0.257953  0.440029
777 0.103544 0.306645  0.589811
4906 0.41298 0.333141  0.25388
184 0.19116 0.428354  0.380485
316 0.13594 0.348759  0.515301
6275 0.263878 0.360443  0.375678
548 0.286173 0.4765  0.237327
306 0.367434 0.420515  0.212051
3121 0.152222 0.622219  0.225559
4332 0.481669 0.222407  0.295924
1544 0.292354 0.439692  0.267954
702 0.340847 0.288702  0.370452
5210 0.459127 0.26091  0.279962
5279 0.0291351 0.537728  0.433137
3693 0.446094 0.00704403  0.546862
2926 0.211724 0.664952  0.123324
775 0.460769 0.126443  0.412789
4666 0.353674 0.351801  0.294524
5448 0.0711471 0.50774  0.421113
5126 0.277969 0.659986  0.0620455
6326 0.159422 0.496863  0.343715
4313 0.486572 0.353221  0.160207
4618 0.18867 0.350933  0.460397
3892 0.0497223 0.517173  0.433105
4271 0.384829 0.197041  0.41813
5192 0.759324 0.0245193  0.216157
6150 0.386622 0.339535  0.273844
5444 0.0393842 0.464879  0.495736
3676 0.176841 0.260481  0.562678
5078 0.311745 0.216486  0.47177
6388 0.34936 0.5158  0.13484
2580 0.259202 0.420471  0.320326
698 0.574973 0.185462  0.239565
360 0.268764 0.533173  0.198063
923 0.247266 0.221674  0.53106
1525 0.373351 0.260286  0.366363
3186 0.372214 0.0850025  0.542784
6514 0.499801 0.189183  0.311016
4757 0.278235 0.0440872  0.677677
4326 0.408501 0.319709  0.271791
6497 0.0605103 0.0849925  0.854497
1344 0.328658 0.0669801  0.604362
831 0.162519 0.611606  0.225875
6248 0.0914834 0.389987  0.51853
6073 0.427064 0.145598  0.427338
737 0.327586 0.32432  0.348093
3640 0.0508992 0.108892  0.840209
5984 0.14201 0.435109  0.422881
4849 0.211198 0.0908947  0.697907
2126 0.138916 0.424528  0.436556
3115 0.497312 0.222193  0.280495
3583 0.552747 0.422004  0.0252491
6226 0.531314 0.454974  0.0137121
2422 0.0284417 0.71888  0.252678
5691 0.23563 0.424221  0.340149
1473 0.199724 0.52821  0.272065
3853 0.2038 0.397952  0.398248
759 0.143906 0.439294  0.4168
804 0.504748 0.299143  0.196108
4627 0.691457 0.105022  0.203522
5359 0.429211 0.165546  0.405243
3782 0.0837822 0.361161  0.555056
943 0.280453 0.140913  0.578634
1473 0.0687563 0.480692  0.450551
2303 0.251622 0.38329  0.365088
1227 0.0626257 0.55218  0.385194
5053 0.165434 0.40611  0.428456
3272 0.363301 0.0917779  0.544921
1898 0.294694 0.364224  0.341082
3808 0.335229 0.461411  0.20336
4465 0.184842 0.647053  0.168105
335 0.311734 0.520883  0.167383
2607 0.529964 0.0496135  0.420423
4351 0.493326 0.462236  0.044438
4844 0.396959 0.394381  0.20866
2932 0.505301 0.0548294  0.43987
3858 0.0736455 0.590981  0.335374
1706 0.434241 0.126725  0.439034
5298 0.527613 0.240504  0.231883
2471 0.585102 0.390162  0.0247368
5061 0.0619478 0.105993  0.832059
5280 0.0409016 0.587709  0.371389
6272 0.455811 0.299156  0.245033
3337 0.461416 0.174653  0.363931
3826 0.401305 0.548938  0.0497567
5311 0.447479 0.0942097  0.458311
3386 0.436016 0.483218  0.0807655
4355 0.220052 0.369343  0.410605
3100 0.30615 0.39872  0.29513
131 0.363496 0.366918  0.269586
1954 0.399601 0.392619  0.20778
4739 0.401563 0.33204  0.266397
2995 0.296059 0.202285  0.501656
4402 0.225361 0.135406  0.639233
5943 0.313548 0.350571  0.335881
1545 0.179497 0.373319  0.447184
5182 0.298418 0.580362  0.12122
6166 0.765101 0.17767  0.0572294
439 0.354221 0.281632  0.364147
5589 0.330137 0.199321  0.470542
3906 0.285249 0.356865  0.357886
5026 0.130033 0.480511  0.389456
3912 0.758325 0.220063  0.0216123
4439 0.622184 0.171065  0.206752
5396 0.197197 0.318064  0.484739
4590 0.308088 0.343847  0.348065
5891 0.367963 0.265993  0.366044
4003 0.0534093 0.310403  0.636187
1046 0.0705975 0.448006  0.481397
1173 0.13009 0.577777  0.292132
2399 0.0627638 0.555715  0.381522
125 0.378686 0.198473  0.422841
285 0.0876906 0.83332  0.0789895
3040 0.446973 0.168043  0.384984
3897 0.501539 0.136782  0.36168
546 0.476795 0.267229  0.255976
3971 0.148534 0.316873  0.534592
2274 0.182956 0.484188  0.332856
3153 0.467808 0.361181  0.171011
2011 0.196819 0.64012  0.16306
1301 0.198982 0.118905  0.682112
833 0.434222 0.100224  0.465554
5109 0.49623 0.35283  0.15094
2737 0.422842 0.309434  0.267725
411 0.387653 0.396184  0.216163
4118 0.44668 0.173745  0.379576
1757 0.391998 0.398219  0.209783
5950 0.284155 0.375205  0.34064
193 0.2124 0.533257  0.254343
648 0.0717872 0.504584  0.423629
323 0.331927 0.449147  0.218927
5939 0.414618 0.143617  0.441765
3838 0.149695 0.732755  0.11755
2202 0.348554 0.249864  0.401582
4200 0.126628 0.507273  0.366099
1001 0.43296 0.468799  0.0982412
2728 0.442482 0.367189  0.190329
3176 0.33581 0.356078  0.308112
899 0.370931 0.462998  0.166071
2516 0.0652095 0.750144  0.184647
2201 0.221606 0.369511  0.408883
1472 0.0920864 0.528447  0.379467
3391 0.375202 0.374983  0.249816
6161 0.28668 0.340588  0.372733
2730 0.39704 0.589957  0.0130036
1586 0.102996 0.743336  0.153668
4978 0.311717 0.282087  0.406197
6242 0.272224 0.359338  0.368438
3614 0.303185 0.462385  0.23443
2516 0.538629 0.133479  0.327892
2839 0.301976 0.239495  0.45853
2013 0.197293 0.267438  0.535269
4266 0.225923 0.222315  0.551763
4914 0.731202 0.0298125  0.238986
184 0.115277 0.616305  0.268418
6103 0.462303 0.363266  0.174431
3098 0.377326 0.294034  0.32864
4216 0.278911 0.550177  0.170913
6208 0.375716 0.351096  0.273188
1590 0.122286 0.254927  0.622787
3868 0.374408 0.374786  0.250806
1772 0.389569 0.24603  0.3644
6627 0.362399 0.595126  0.0424747
1151 0.38109 0.31862  0.30029
1025 0.410664 0.331103  0.258233
2028 0.437983 0.239095  0.322922
1356 0.503635 0.296232  0.200133
3468 0.23254 0.277966  0.489494
1462 0.467084 0.485102  0.0478132
3 0.139217 0.286291  0.574492
3640 0.0717224 0.869479  0.0587988
5851 0.0473042 0.584644  0.368052
298 0.0532315 0.484332  0.462436
2972 0.399376 0.353732  0.246892
3250 0.350054 0.263139  0.386807
2953 0.394623 0.0288303  0.576547
3442 0.331616 0.480132  0.188252
6107 0.355344 0.0628276  0.581828
2466 0.361736 0.353687  0.284576
1922 0.493311 0.449996  0.0566928
3922 0.182251 0.428375  0.389375
3693 0.31429 0.301046  0.384664
4764 0.515591 0.164331  0.320078
6075 0.230079 0.273502  0.496419
3001 0.427481 0.192286  0.380234
550 0.136647 0.432857  0.430496
2643 0.408069 0.204438  0.387492
1324 0.17493 0.390047  0.435023
4281 0.389153 0.294026  0.316821
4824 0.218241 0.158201  0.623558
5997 0.443355 0.115905  0.44074
1804 0.245166 0.368543  0.386291
4742 0.575715 0.10429  0.319996
19 0.365422 0.303879  0.330699
2058 0.226883 0.456568  0.316548
2758 0.0975088 0.0310183  0.871473
4901 0.351542 0.555469  0.0929886
456 0.213953 0.439372  0.346675
5159 0.380122 0.375229  0.244649
3689 0.259357 0.400663  0.33998
6096 0.214545 0.672897  0.112558
2054 0.152167 0.63869  0.209143
3098 0.339767 0.261316  0.398918
4994 0.250937 0.420657  0.328406
1424 0.279998 0.311236  0.408767
6151 0.278118 0.364326  0.357556
1929 0.0739829 0.385326  0.540691
3212 0.29184 0.373012  0.335147
3952 0.732785 0.24367  0.023545
2642 0.211798 0.540607  0.247595
6273 0.10347 0.225978  0.670552
1054 0.669604 0.282237  0.0481587
2727 0.237176 0.306096  0.456728
785 0.278174 0.391557  0.33027
955 0.259756 0.334109  0.406135
4850 0.212389 0.374055  0.413556
5133 0.359998 0.405827  0.234174
3866 0.0955491 0.109404  0.795047
6104 0.219767 0.285456  0.494777
2702 0.25508 0.694093  0.0508273
2840 0.348427 0.288422  0.363151
205 0.603242 0.0802166  0.316541
2128 0.107519 0.312977  0.579504
707 0.229424 0.418872  0.351704
514 0.449743 0.165138  0.38512
1088 0.0434 0.594668  0.361932
1396 0.132204 0.556259  0.311537
5190 0.513782 0.404514  0.081704
707 0.352751 0.434937  0.212312
4844 0.228567 0.330358  0.441075
4454 0.351542 0.210032  0.438426
179 0.224249 0.411194  0.364557
3704 0.112177 0.484916  0.402906
5301 0.423452 0.209319  0.367228
1905 0.453255 0.470274  0.0764706
2845 0.387222 0.428343  0.184435
3533 0.731519 0.0336035  0.234877
6270 0.254896 0.365559  0.379545
2739 0.0535606 0.555301  0.391138
4983 0.222466 0.332535  0.444998
1718 0.457837 0.027518  0.514645
372 0.158832 0.366944  0.474224
1158 0.498847 0.182577  0.318575
4612 0.123463 0.405113  0.471424
5376 0.397653 0.00973022  0.592616
616 0.437424 0.19572  0.366856
4875 0.38205 0.144208  0.473742
6624 0.507159 0.395264  0.0975771
457 0.628048 0.284384  0.0875687
1502 0.418162 0.196367  0.385471
274 0.135919 0.24988  0.614201
494 0.311186 0.476735  0.212079
2010 0.878538 0.0257042  0.0957575
694 0.231353 0.703307  0.0653402
1904 0.212189 0.458889  0.328922
2293 0.1767 0.43138  0.391921
4018 0.438575 0.357453  0.203972
1124 0.38552 0.108123  0.506357
3955 0.491738 0.326524  0.181738
1283 0.633015 0.192434  0.17455
816 0.477468 0.0337007  0.488831
2398 0.249503 0.442886  0.307611
5528 0.716775 0.253297  0.0299285
6242 0.0817895 0.747888  0.170322
3168 0.135413 0.269031  0.595556
3454 0.299921 0.366394  0.333685
1511 0.0555783 0.572512  0.37191
2725 0.181915 0.276423  0.541662
1588 0.411497 0.365372  0.223131
2526 0.359356 0.291102  0.349542
4711 0.431715 0.297107  0.271178
249 0.363032 0.270576  0.366392
1488 0.457004 0.410253  0.132743
6270 0.18446 0.378329  0.437212
5579 0.358867 0.222684  0.418449
2751 0.105928 0.411108  0.482964
4207 0.315093 0.39628  0.288627
4285 0.388865 0.429857  0.181278
3458 0.480151 0.0459453  0.473904
5829 0.402285 0.0926158  0.5051
5975 0.0524628 0.627482  0.320055
4611 0.308337 0.388049  0.303614
3145 0.258388 0.372361  0.369251
2987 0.142117 0.599399  0.258484
1158 0.484236 0.150517  0.365247
1314 0.363242 0.318138  0.318619
3741 0.277881 0.492715  0.229404
2174 0.5163 0.136308  0.347392
2202 0.460724 0.0965946  0.442681
1996 0.31969 0.554939  0.125371
5481 0.267686 0.42251  0.309804
3792 0.183222 0.719306  0.097472
3613 0.12381 0.514982  0.361208
2037 0.671312 0.0589046  0.269784
3762 0.474691 0.157551  0.367758
6035 0.323059 0.203802  0.473139
6152 0.353532 0.134748  0.511721
3007 0.389986 0.416468  0.193545
1161 0.440287 0.451916  0.107797
3381 0.313413 0.339192  0.347396
6017 0.278737 0.0507905  0.670473
6234 0.312486 0.582965  0.104549
789 0.819552 0.0890739  0.0913738
3476 0.0351427 0.211175  0.753682
1096 0.332213 0.353303  0.314484
761 0.446377 0.150009  0.403614
3308 0.057306 0.635314  0.30738
3229 0.468776 0.406863  0.124361
3401 0.358631 0.29807  0.343299
2493 0.890685 0.0262246  0.0830901
2345 0.666289 0.0209448  0.312766
4642 0.465488 0.449901  0.0846112
4441 0.360667 0.404013  0.235321
5220 0.33204 0.0160294  0.65193
6338 0.571993 0.321264  0.106743
5195 0.149762 0.471867  0.378371
1426 0.161958 0.509832  0.32821
3506 0.0440883 0.119293  0.836619
3137 0.0541569 0.0258204  0.920023
2677 0.398649 0.566871  0.0344799
23 0.465724 0.404631  0.129644
6273 0.359373 0.142029  0.498598
2552 0.403191 0.399502  0.197307
1339 0.488821 0.0270823  0.484096
5307 0.0207791 0.772345  0.206876
2829 0.119387 0.402225  0.478389
2945 0.0486252 0.467109  0.484265
2316 0.364293 0.363797  0.27191
6125 0.195585 0.0346204  0.769795
5079 0.588456 0.109718  0.301826
2610 0.651836 0.175206  0.172959
1354 0.287458 0.0769171  0.635625
1155 0.526757 0.253174  0.220069
2720 0.0402195 0.506157  0.453623
2953 0.379727 0.243109  0.377164
530 0.188074 0.408538  0.403388
3020 0.422251 0.129021  0.448728
6054 0.37266 0.0603372  0.567003
2390 0.523058 0.249141  0.227801
400 0.303427 0.4115  0.285073
3929 0.148659 0.779317  0.0720243
3384 0.359868 0.405546  0.234586
4013 0.543945 0.382764  0.0732905
2180 0.522827 0.219304  0.257869
3263 0.441817 0.187914  0.370269
4063 0.197962 0.645983  0.156056
6506 0.440649 0.0767303  0.482621
3687 0.419787 0.0469386  0.533275
3677 0.190449 0.30631  0.503241
3712 0.442775 0.373738  0.183487
3476 0.330283 0.421401  0.248316
1502 0.413847 0.372522  0.213632
320 0.473778 0.34549  0.180733
6188 0.240875 0.195044  0.564081
5447 0.229918 0.233765  0.536317
5873 0.349657 0.307203  0.34314
4866 0.243659 0.103893  0.652449
2910 0.0459633 0.39939  0.554647
6128 0.401466 0.53542  0.0631146
5595 0.438632 0.307959  0.253409
308 0.207232 0.596471  0.196297
632 0.204937 0.429202  0.365861
2236 0.27 0.625239  0.10476
5637 0.503314 0.439324  0.0573616
4209 0.0374492 0.675329  0.287222
18 0.412814 0.152775  0.434411
1133 0.86157 0.0294014  0.109028
3096 0.330306 0.41673  0.252963
6457 0.26315 0.56039  0.176461
1181 0.474435 0.379754  0.145811
6411 0.32227 0.352902  0.324827
3027 0.447837 0.456563  0.0956006
2736 0.0834966 0.482474  0.434029
1932 0.0802387 0.731751  0.188011
560 0.11659 0.30696  0.57645
2268 0.497702 0.378995  0.123303
5872 0.51421 0.337083  0.148707
6330 0.489688 0.424988  0.0853236
4282 0.021813 0.29309  0.685097
5604 0.583902 0.242114  0.173984
974 0.0694599 0.516621  0.413919
2100 0.450893 0.293572  0.255535
2171 0.172703 0.748565  0.0787324
307 0.33112 0.32766  0.34122
1493 0.309587 0.605359  0.0850533
5074 0.461287 0.200371  0.338342
2777 0.0781679 0.29799  0.623842
2041 0.163708 0.510319  0.325973
2921 0.51146 0.29362  0.19492
962 0.269377 0.311374  0.41925
1403 0.305769 0.457965  0.236266
2198 0.288788 0.11966  0.591553
1348 0.437315 0.31422  0.248465
5768 0.343427 0.33426  0.322314
2823 0.389246 0.468987  0.141768
6559 0.300492 0.396742  0.302766
3518 0.170424 0.403834  0.425742
3860 0.926511 0.0336157  0.0398732
1316 0.526744 0.141045  0.332211
4715 0.154604 0.328856  0.51654
5615 0.421813 0.0588965  0.51929
4341 0.170444 0.412632  0.416923
326 0.257368 0.209404  0.533228
3702 0.392866 0.445494  0.16164
3659 0.200466 0.222371  0.577163
1002 0.290023 0.266688  0.443289
4202 0.491139 0.122742  0.386119
2555 0.603773 0.0800353  0.316191
3588 0.242824 0.0664156  0.69076
2813 0.289851 0.333365  0.376784
2764 0.616192 0.175247  0.208561
3227 0.307413 0.475252  0.217335
3044 0.133133 0.505947  0.360919
3755 0.419742 0.459825  0.120433
1992 0.379464 0.531715  0.0888209
6294 0.272641 0.199797  0.527563
3213 0.330559 0.275403  0.394038
6226 0.28688 0.175179  0.537941
294 0.0807951 0.600597  0.318608
2185 0.483138 0.438274  0.0785875
260 0.347622 0.387623  0.264755
4839 0.184778 0.358006  0.457216
644 0.531307 0.456013  0.0126796
3016 0.458114 0.0423234  0.499563
2723 0.462595 0.509293  0.0281119
3462 0.265398 0.373947  0.360656
5621 0.0918393 0.404131  0.50403
4309 0.114751 0.745612  0.139637
3613 0.141009 0.638305  0.220686
76 0.650984 0.107498  0.241518
4392 0.0630712 0.480749  0.45618
2128 0.435531 0.228218  0.336251
1653 0.777423 0.111153  0.111424
1103 0.458115 0.477532  0.0643529
1819 0.413867 0.310684  0.275449
214 0.276251 0.34325  0.380498
3706 0.0985395 0.259351  0.642109
652 0.310535 0.601009  0.088456
681 0.19505 0.454701  0.35025
2790 0.334997 0.263965  0.401038
1519 0.0462765 0.392083  0.561641
5912 0.51954 0.373899  0.106561
5803 0.270046 0.505311  0.224643
3283 0.260351 0.627057  0.112593
2333 0.0431303 0.436366  0.520504
1879 0.537728 0.401011  0.061262
3099 0.0210457 0.425413  0.553541
1198 0.328025 0.331994  0.339981
4726 0.316692 0.313241  0.370066
1154 0.308731 0.345777  0.345493
5788 0.338818 0.439172  0.22201
1490 0.356061 0.234936  0.409002
2621 0.0708392 0.529915  0.399246
304 0.560167 0.125639  0.314194
4074 0.49385 0.325663  0.180486
5596 0.155229 0.0250018  0.819769
3618 0.225827 0.557709  0.216464
5862 0.667699 0.114235  0.218067
1946 0.0796658 0.680242  0.240092
3977 0.630049 0.0955528  0.274398
3987 0.697076 0.174719  0.128206
2096 0.185265 0.407171  0.407564
4721 0.296261 0.193825  0.509914
3789 0.470126 0.354041  0.175833
1517 0.463196 0.163143  0.373661
6198 0.485723 0.318063  0.196214
290 0.430236 0.409963  0.159801
3669 0.45127 0.2074  0.34133
4246 0.370116 0.47011  0.159774
6125 0.0963088 0.508378  0.395313
6475 0.301842 0.305259  0.392899
186 0.0718473 0.750269  0.177884
2910 0.180117 0.536496  0.283387
4063 0.244553 0.415609  0.339838
3377 0.168782 0.480695  0.350523
1594 0.240072 0.695045  0.0648827
5117 0.443674 0.105814  0.450512
4637 0.438071 0.434537  0.127393
1968 0.691333 0.212791  0.0958763
2813 0.366561 0.1899  0.443539
3337 0.648087 0.158012  0.193902
5108 0.297988 0.527701  0.174311
1292 0.40084 0.308199  0.290962
6519 0.24375 0.393308  0.362943
6514 0.282683 0.440737  0.27658
5981 0.252004 0.418732  0.329264
6351 0.195167 0.382452  0.422382
2135 0.0429722 0.462481  0.494546
1289 0.32175 0.509689  0.168561
2033 0.433649 0.348216  0.218134
5125 0.25425 0.638488  0.107262
4385 0.597127 0.218809  0.184064
4453 0.318843 0.376839  0.304318
589 0.357839 0.17979  0.462371
1686 0.523644 0.237785  0.238571
5890 0.316674 0.271234  0.412092
2694 0.3112 0.23147  0.45733
5625 0.276614 0.414967  0.308418
1636 0.4203 0.114603  0.465098
1558 0.543931 0.0912634  0.364805
2990 0.37481 0.0558481  0.569342
3202 0.481864 0.1481  0.370036
1682 0.401747 0.42412  0.174132
4238 0.13931 0.451948  0.408743
1600 0.292449 0.168037  0.539513
4660 0.172308 0.448465  0.379227
3722 0.494553 0.0662957  0.439151
5120 0.325284 0.409436  0.265281
3875 0.490241 0.333021  0.176738
5289 0.715857 0.112253  0.171891
2379 0.324823 0.365748  0.309429
381 0.460059 0.517903  0.0220381
6502 0.342851 0.571159  0.0859905
5401 0.276039 0.254573  0.469388
1518 0.80399 0.0858208  0.110189
3777 0.0691347 0.654842  0.276024
4005 0.326639 0.0561445  0.617216
2069 0.301439 0.232602  0.465959
746 0.366129 0.351136  0.282735
1897 0.46065 0.0267542  0.512596
2372 0.110432 0.444394  0.445175
580 0.0839957 0.487652  0.428352
2723 0.283433 0.334413  0.382154
6201 0.326851 0.116971  0.556178
3112 0.129957 0.827253  0.0427896
4725 0.0164385 0.674349  0.309213
5230 0.182242 0.441754  0.376005
6100 0.0735885 0.410111  0.516301
5378 0.455064 0.508884  0.0360522
5140 0.279277 0.439325  0.281398
663 0.543168 0.0482599  0.408572
5106 0.453467 0.464834  0.0816994
6061 0.480374 0.0117165  0.50791
445 0.316058 0.537677  0.146265
1278 0.225772 0.532067  0.242161
6102 0.447587 0.385238  0.167175
354 0.7492 0.227302  0.0234973
1381 0.589191 0.0147309  0.396078
4900 0.156315 0.403075  0.44061
563 0.329301 0.193629  0.47707
2594 0.475135 0.189904  0.334961
2910 0.105203 0.39196  0.502837
1543 0.285996 0.330929  0.383075
2840 0.318351 0.0632887  0.61836
3477 0.143181 0.562073  0.294746
3259 0.241734 0.369651  0.388615
5648 0.1206 0.453911  0.425489
1821 0.520446 0.103843  0.37571
1593 0.171899 0.279854  0.548247
5527 0.36155 0.12555  0.512899
5080 0.161925 0.287662  0.550413
6113 0.291067 0.578884  0.130049
1902 0.297798 0.42155  0.280652
4510 0.204948 0.432522  0.36253
1165 0.488217 0.0884846  0.423298
735 0.428202 0.150482  0.421316
2226 0.0713518 0.568203  0.360446
4324 0.232361 0.170972  0.596668
924 0.398075 0.399658  0.202267
185 0.375125 0.389817  0.235057
4272 0.280444 0.297809  0.421747
5490 0.356977 0.0457143  0.597308
5601 0.229697 0.274222  0.496082
5107 0.439118 0.35378  0.207102
6194 0.0385799 0.60831  0.35311
3599 0.0384115 0.725139  0.23645
517 0.225913 0.315543  0.458544
6005 0.455805 0.373391  0.170804
2548 0.361806 0.350579  0.287615
3451 0.315631 0.195466  0.488903
6457 0.589959 0.0530858  0.356955
2749 0.202736 0.319237  0.478028
1178 0.595193 0.203564  0.201243
5028 0.970926 0.0128414  0.0162329
1489 0.445389 0.0874724  0.467138
1292 0.429981 0.0348401  0.535179
3993 0.475936 0.0705627  0.453501
2671 0.294999 0.241956  0.463045
2568 0.409094 0.459493  0.131413
5763 0.411565 0.28411  0.304325
4841 0.688887 0.252679  0.0584337
5224 0.352869 0.344222  0.302909
167 0.444605 0.126945  0.42845
3245 0.110339 0.418973  0.470688
1515 0.462173 0.414735  0.123092
6572 0.149948 0.178418  0.671635
4730 0.543247 0.264705  0.192048
5249 0.0674503 0.480846  0.451704
6250 0.0961939 0.576513  0.327293
4890 0.209843 0.403547  0.38661
1826 0.1061 0.0731777  0.820723
3070 0.2688 0.393256  0.337944
646 0.739898 0.236793  0.0233084
3957 0.311626 0.214543  0.473831
3806 0.0473258 0.51721  0.435464
385 0.516362 0.333587  0.150051
1747 0.382607 0.436723  0.18067
5096 0.419328 0.348694  0.231978
184 0.638152 0.200379  0.161469
2688 0.65581 0.0316655  0.312525
4505 0.235802 0.342977  0.421221
4192 0.706544 0.281373  0.0120828
1956 0.453779 0.487138  0.0590829
3408 0.00587098 0.510135  0.483994
1599 0.358098 0.0950125  0.54689
2254 0.129853 0.081481  0.788666
955 0.723589 0.0960869  0.180324
3517 0.532066 0.0515912  0.416342
3631 0.138636 0.321202  0.540162
5078 0.535152 0.029269  0.435579
2801 0.305176 0.643231  0.0515932
6559 0.239149 0.40064  0.36021
4080 0.284178 0.498822  0.216999
3812 0.247859 0.179403  0.572738
1319 0.10844 0.864927  0.026633
4452 0.446831 0.406746  0.146422
1649 0.15836 0.363229  0.478411
4270 0.119381 0.0859299  0.794689
657 0.230069 0.202281  0.56765
4716 0.588367 0.0775545  0.334079
738 0.444044 0.527989  0.027967
2778 0.297315 0.232579  0.470106
413 0.0296214 0.438188  0.53219
4541 0.207385 0.0998324  0.692783
346 0.306025 0.462056  0.231919
3664 0.310603 0.581222  0.108175
574 0.129656 0.0452105  0.825134
6133 0.0934334 0.702251  0.204315
1555 0.366009 0.365942  0.268049
5113 0.356226 0.308676  0.335098
5021 0.0851554 0.536943  0.377902
1629 0.377973 0.446308  0.175719
425 0.294326 0.432641  0.273033
2713 0.0616747 0.189235  0.74909
3413 0.692768 0.265729  0.0415026
6263 0.363671 0.111038  0.525291
6051 0.699235 0.259433  0.0413319
3811 0.311118 0.254049  0.434832
744 0.267029 0.0703252  0.662646
3066 0.550888 0.104208  0.344903
1934 0.360079 0.622369  0.0175516
5099 0.309002 0.394839  0.296159
3682 0.260019 0.390912  0.349069
2781 0.0995856 0.0574791  0.842935
6485 0.134787 0.475264  0.389949
6554 0.394197 0.372536  0.233267
4021 0.111324 0.425676  0.463
5044 0.34635 0.356968  0.296682
6510 0.246409 0.591922  0.161669
2076 0.308206 0.403865  0.28793
3992 0.177472 0.528839  0.293689
377 0.34474 0.32762  0.32764
3879 0.252682 0.382499  0.364819
652 0.298368 0.370503  0.331129
410 0.01238 0.335387  0.652233
3854 0.18424 0.406598  0.409163
6238 0.380475 0.381036  0.238489
1195 0.386989 0.159941  0.453071
3197 0.155036 0.367074  0.47789
2690 0.395162 0.0538578  0.55098
3587 0.439746 0.272905  0.287348
652 0.409134 0.128129  0.462736
2479 0.058405 0.416772  0.524823
3586 0.474132 0.220049  0.305818
713 0.354439 0.16931  0.476251
5619 0.256525 0.733182  0.0102931
702 0.192902 0.243236  0.563862
2066 0.2544 0.548831  0.196768
1844 0.559913 0.00726384  0.432823
6390 0.882613 0.0950833  0.0223032
2182 0.61527 0.0214562  0.363274
817 0.40742 0.251265  0.341315
1102 0.708677 0.273405  0.0179181
5454 0.0247537 0.673609  0.301638
1381 0.456987 0.0430228  0.49999
2089 0.0533369 0.440084  0.506579
530 0.193051 0.41472  0.392229
2517 0.0910285 0.411047  0.497924
2462 0.2268 0.375089  0.398111
6475 0.408525 0.562033  0.0294419
2666 0.523978 0.440265  0.0357566
6102 0.218104 0.244573  0.537324
3665 0.25208 0.356818  0.391103
4665 0.0844318 0.422854  0.492714
5689 0.21199 0.503441  0.28457
2400 0.113917 0.475312  0.410771
2053 0.466568 0.176193  0.357239
5780 0.413399 0.0320227  0.554579
3161 0.297683 0.291864  0.410452
2350 0.185019 0.363359  0.451621
946 0.0341054 0.219879  0.746016
3945 0.446297 0.539577  0.0141263
210 0.67794 0.154  0.16806
426 0.265351 0.507978  0.226671
1032 0.315028 0.308932  0.376039
6442 0.149055 0.494916  0.356028
4259 0.223777 0.175683  0.600539
2625 0.10516 0.5738  0.32104
5906 0.468425 0.482365  0.04921
3947 0.186765 0.47612  0.337115
595 0.382575 0.41168  0.205745
1702 0.596059 0.285364  0.118577
5679 0.0180261 0.350737  0.631237
268 0.116088 0.371333  0.512579
4945 0.328987 0.552162  0.118851
5527 0.463048 0.284107  0.252845
2337 0.41129 0.259833  0.328877
3287 0.380425 0.199446  0.42013
1749 0.531789 0.00732237  0.460888
459 0.437239 0.047512  0.515249
711 0.572364 0.382601  0.0450349
5206 0.181439 0.716033  0.102528
4110 0.143898 0.274787  0.581314
6486 0.272132 0.306241  0.421627
6645 0.487327 0.138574  0.374099
3715 0.351427 0.446761  0.201813
5423 0.191544 0.289872  0.518584
2006 0.346221 0.0603528  0.593426
575 0.210144 0.429328  0.360527
1304 0.590004 0.291007  0.118989
3276 0.335019 0.143987  0.520994
3853 0.417817 0.278854  0.303329
2527 0.495775 0.490028  0.0141971
6231 0.630746 0.0183943  0.350859
3012 0.341605 0.484043  0.174352
257 0.30797 0.677985  0.0140451
2174 0.60937 0.355365  0.0352649
457 0.602134 0.241179  0.156686
3604 0.519156 0.332765  0.148079
1477 0.272681 0.400039  0.32728
5688 0.462769 0.247587  0.289645
3060 0.697951 0.0448579  0.257191
2882 0.448751 0.179515  0.371734
6116 0.378335 0.422648  0.199017
2621 0.561982 0.263279  0.174739
2685 0.279356 0.300689  0.419955
3506 0.398676 0.165013  0.436311
3283 0.553554 0.172576  0.27387
2308 0.0159808 0.583786  0.400233
5236 0.196206 0.321659  0.482135
4573 0.321785 0.0314951  0.64672
3674 0.336273 0.391312  0.272415
5384 0.213786 0.166283  0.61993
862 0.181838 0.772134  0.0460276
4715 0.522145 0.397501  0.0803535
5950 0.275341 0.308821  0.415839
3737 0.501064 0.156397  0.342539
5480 0.515086 0.460911  0.0240029
4519 0.167631 0.594976  0.237393
4985 0.236886 0.378393  0.384721
4778 0.359767 0.294443  0.34579
4009 0.161269 0.384523  0.454208
4366 0.353094 0.367613  0.279292
2345 0.402365 0.330239  0.267395
1895 0.343986 0.397354  0.25866
2609 0.294791 0.526852  0.178357
2187 0.370667 0.383817  0.245516
4838 0.46157 0.285858  0.252572
5530 0.471111 0.153235  0.375654
3347 0.137139 0.319358  0.543504
3104 0.340839 0.286138  0.373023
3242 0.197861 0.55401  0.248129
6487 0.335301 0.336429  0.328269
2841 0.2938 0.350854  0.355347
3752 0.625627 0.252219  0.122154
1706 0.277621 0.646239  0.0761403
552 0.473951 0.15849  0.367559
2569 0.106275 0.295185  0.59854
5402 0.317887 0.34055  0.341563
3897 0.314632 0.324764  0.360604
4638 0.0430803 0.797327  0.159593
1447 0.442919 0.0785818  0.478499
813 0.456151 0.020691  0.523158
5620 0.503408 0.405917  0.0906743
3845 0.443999 0.14131  0.414691
4898 0.455037 0.243852  0.301111
2601 0.159963 0.0530166  0.78702
1028 0.480308 0.312903  0.206789
1657 0.297911 0.388549  0.31354
1323 0.0993237 0.490248  0.410428
4702 0.237439 0.187492  0.575068
4003 0.429075 0.326275  0.24465
2297 0.10836 0.643814  0.247826
4963 0.3657 0.361443  0.272857
1999 0.285099 0.450029  0.264872
1939 0.0078579 0.370306  0.621836
3064 0.132232 0.752183  0.115585
5891 0.409869 0.263571  0.32656
3964 0.284593 0.37425  0.341157
3079 0.301038 0.510621  0.188341
873 0.479288 0.150936  0.369776
2607 0.206617 0.276673  0.51671
4522 0.288885 0.143229  0.567886
4252 0.410192 0.351938  0.23787
6291 0.378705 0.299228  0.322067
1658 0.0990383 0.418846  0.482116
4656 0.281891 0.300835  0.417274
5522 0.257626 0.466985  0.275389
1645 0.344784 0.336485  0.318731
2559 0.0572193 0.480487  0.462294
2591 0.445728 0.103719  0.450553
1603 0.333195 0.260973  0.405832
5642 0.0726175 0.435657  0.491725
2338 0.823832 0.104531  0.0716365
4635 0.413501 0.222684  0.363815
4342 0.32827 0.181288  0.490441
3059 0.0250638 0.219233  0.755703
2571 0.205668 0.25288  0.541452
5968 0.252125 0.330485  0.41739
4785 0.55573 0.203208  0.241062
939 0.177559 0.42429  0.398151
1969 0.120055 0.655101  0.224844
6493 0.389376 0.474659  0.135964
853 0.147175 0.602704  0.250121
4588 0.339474 0.225185  0.435342
500 0.482717 0.135934  0.38135
915 0.369336 0.376892  0.253772
3595 0.263512 0.280348  0.456141
