8844 0.122503 0.224186  0.653311
6362 0.524138 0.0627318  0.41313
6555 0.349306 0.099063  0.551631
4592 0.0300069 0.552809  0.417184
1689 0.0378192 0.792221  0.16996
4034 0.295069 0.199869  0.505062
9908 0.628259 0.196144  0.175597
9498 0.306647 0.0346603  0.658693
7043 0.0809943 0.530329  0.388677
4355 0.137773 0.435481  0.426746
4375 0.356478 0.247474  0.396048
3387 0.421574 0.560795  0.017631
2659 0.119649 0.0532745  0.827076
4720 0.181049 0.351534  0.467417
3450 0.434638 0.268961  0.296401
6485 0.323706 0.359901  0.316393
6783 0.529572 0.410537  0.0598911
2417 0.322259 0.283713  0.394028
2306 0.487262 0.201609  0.311129
2247 0.433424 0.133999  0.432577
1240 0.162608 0.0858534  0.751539
2365 0.435022 0.517126  0.0478524
9668 0.486389 0.246109  0.267502
6955 0.101698 0.0808292  0.817473
9472 0.440992 0.240588  0.31842
2302 0.391497 0.229591  0.378913
2462 0.0987287 0.590411  0.31086
4472 0.701718 0.118494  0.179788
6429 0.56357 0.0497668  0.386663
854 0.322954 0.27216  0.404885
4279 0.0101182 0.450515  0.539366
793 0.529437 0.257019  0.213544
891 0.245808 0.642193  0.111999
5649 0.482551 0.258917  0.258532
2063 0.242033 0.485139  0.272828
8253 0.303477 0.485904  0.210618
5372 0.258753 0.134668  0.606579
7256 0.119574 0.861402  0.0190237
3914 0.363194 0.210032  0.426773
6444 0.207632 0.682474  0.109895
4221 0.429948 0.230949  0.339103
9124 0.0644316 0.447031  0.488537
2186 0.369761 0.488095  0.142145
1150 0.235529 0.531518  0.232953
2300 0.488194 0.0425373  0.469269
6433 0.258525 0.399058  0.342417
3122 0.467003 0.446723  0.0862735
3830 0.581671 0.111515  0.306814
2708 0.0611357 0.246811  0.692054
1567 0.568726 0.146154  0.285119
1849 0.0652928 0.434673  0.500035
9849 0.275745 0.525741  0.198514
5688 0.0573169 0.826619  0.116064
491 0.524375 0.185018  0.290607
436 0.103932 0.595453  0.300614
888 0.106794 0.223763  0.669443
6793 0.219763 0.37079  0.409447
4320 0.0288833 0.328881  0.642235
3183 0.358391 0.553549  0.0880601
8913 0.359017 0.263175  0.377809
7186 0.109341 0.735363  0.155296
9856 0.378901 0.204144  0.416955
7698 0.472634 0.0622321  0.465134
2471 0.34685 0.208046  0.445105
5091 0.164915 0.246188  0.588898
1308 0.327254 0.129542  0.543204
1835 0.185831 0.139716  0.674453
4303 0.508173 0.162629  0.329198
9275 0.151142 0.781027  0.0678313
1986 0.29369 0.308805  0.397505
122 0.235482 0.123806  0.640712
1030 0.0905728 0.413005  0.496422
4426 0.171835 0.0359754  0.79219
1655 0.400104 0.283994  0.315902
3457 0.141104 0.661406  0.19749
4776 0.397883 0.118467  0.48365
6197 0.288459 0.291557  0.419983
5190 0.327388 0.614834  0.0577774
7006 0.537246 0.0837576  0.378997
7582 0.436203 0.347863  0.215934
8988 0.333807 0.447057  0.219136
6431 0.0262003 0.430769  0.543031
2858 0.584381 0.0586427  0.356977
4542 0.0702748 0.606117  0.323609
1539 0.213869 0.177682  0.608449
6005 0.263065 0.48476  0.252175
8471 0.162811 0.743137  0.0940521
7326 0.200489 0.37871  0.420801
7435 0.246921 0.11023  0.642849
4002 0.176634 0.437089  0.386277
4609 0.362132 0.347466  0.290402
1645 0.437478 0.265652  0.29687
6266 0.636135 0.242755  0.12111
3263 0.425316 0.566664  0.00802005
5904 0.496044 0.485729  0.0182266
2114 0.295895 0.366223  0.337882
4080 0.264477 0.668618  0.0669052
7958 0.56482 0.0885142  0.346665
5460 0.176428 0.50882  0.314752
3353 0.188015 0.401666  0.410318
623 0.18984 0.773697  0.0364633
566 0.58949 0.148766  0.261744
3785 0.279783 0.292189  0.428028
1123 0.436737 0.436745  0.126519
6148 0.0953499 0.379713  0.524937
2227 0.172836 0.333961  0.493203
3657 0.105058 0.574406  0.320536
6201 0.314365 0.640935  0.0447
5431 0.645799 0.124887  0.229314
3398 0.296139 0.550165  0.153696
6181 0.300166 0.426466  0.273368
3412 0.319822 0.429188  0.25099
9007 0.0689859 0.431075  0.499939
3356 0.448072 0.166094  0.385834
1673 0.598918 0.17376  0.227322
6549 0.250602 0.521745  0.227653
3221 0.241215 0.30716  0.451626
2328 0.0330032 0.535646  0.431351
5336 0.316961 0.437325  0.245714
8956 0.453418 0.166464  0.380119
5689 0.6584 0.273701  0.0678994
8933 0.399922 0.0598975  0.54018
2953 0.638811 0.106196  0.254993
2267 0.0346674 0.507929  0.457403
9773 0.140984 0.441153  0.417863
3156 0.360692 0.587114  0.0521948
802 0.514469 0.44562  0.0399102
6093 0.381395 0.499146  0.119459
5390 0.322 0.383617  0.294384
4348 0.330753 0.123502  0.545745
2766 0.455194 0.458807  0.0859995
1802 0.0869789 0.439754  0.473267
4154 0.177357 0.763731  0.0589111
1396 0.197902 0.696031  0.106066
1990 0.343886 0.175973  0.480141
8924 0.115883 0.725296  0.158821
6020 0.152523 0.533172  0.314305
2420 0.226776 0.489325  0.283899
5745 0.150111 0.346976  0.502913
4274 0.0855251 0.432144  0.482331
1043 0.732244 0.18546  0.0822958
2312 0.579573 0.262607  0.15782
4294 0.285799 0.369342  0.344859
4266 0.275687 0.19656  0.527753
2674 0.245731 0.407461  0.346808
4763 0.181427 0.512749  0.305825
3335 0.166247 0.739824  0.0939294
7285 0.45772 0.368574  0.173706
5593 0.51443 0.178638  0.306932
2470 0.376359 0.227534  0.396107
2725 0.427516 0.527432  0.0450517
1742 0.341805 0.275086  0.383109
3950 0.352277 0.260357  0.387366
8200 0.508733 0.349561  0.141706
5387 0.326636 0.619784  0.0535801
6852 0.74303 0.0943128  0.162657
2266 0.477101 0.372448  0.150452
1665 0.448878 0.247073  0.304049
9298 0.418185 0.332052  0.249762
735 0.52098 0.336993  0.142028
5046 0.317865 0.37203  0.310106
8062 0.478298 0.197933  0.323769
4132 0.304838 0.241328  0.453835
3475 0.0105137 0.686162  0.303324
2758 0.24865 0.139198  0.612152
7733 0.247603 0.271086  0.481311
2723 0.756446 0.199858  0.043696
1838 0.27253 0.64906  0.0784101
6124 0.0864499 0.26135  0.6522
5382 0.170195 0.474986  0.354819
2086 0.433209 0.315612  0.251179
455 0.139635 0.320937  0.539428
1657 0.305389 0.3761  0.318511
4386 0.175707 0.381278  0.443014
6917 0.0691418 0.718591  0.212267
7071 0.283043 0.26248  0.454476
4457 0.160407 0.112255  0.727338
566 0.0105276 0.204828  0.784645
4734 0.175719 0.564257  0.260024
3766 0.406475 0.278877  0.314648
6390 0.289285 0.454001  0.256715
596 0.26489 0.530801  0.204309
9884 0.339206 0.448585  0.212208
2613 0.088013 0.196767  0.71522
8695 0.271217 0.361578  0.367204
5922 0.672542 0.214809  0.112649
3667 0.437173 0.448463  0.114364
2298 0.302297 0.419235  0.278468
7962 0.274059 0.348215  0.377725
2981 0.329839 0.434225  0.235937
7735 0.105605 0.454604  0.439791
5041 0.315709 0.448207  0.236084
2849 0.795472 0.113169  0.0913587
2898 0.365057 0.478948  0.155995
6498 0.408799 0.209714  0.381487
6365 0.404001 0.397035  0.198964
8050 0.060129 0.697452  0.242419
4168 0.357242 0.341152  0.301606
214 0.26221 0.654024  0.0837652
1206 0.0130487 0.433912  0.553039
2993 0.280455 0.454972  0.264573
2417 0.494509 0.185862  0.31963
6020 0.31314 0.467466  0.219394
9118 0.821344 0.0518029  0.126853
4884 0.382643 0.446727  0.17063
9708 0.35586 0.194011  0.450129
1751 0.0233424 0.522425  0.454232
4149 0.211246 0.195103  0.593651
3996 0.22642 0.656122  0.117459
2800 0.321044 0.311091  0.367865
9458 0.440686 0.488549  0.070765
851 0.295633 0.150415  0.553952
4449 0.579048 0.0711345  0.349817
9106 0.27457 0.223148  0.502282
3810 0.233661 0.282085  0.484254
3599 0.19956 0.567892  0.232548
121 0.189987 0.75618  0.0538335
3365 0.278315 0.0415468  0.680139
5440 0.73801 0.202828  0.0591619
2054 0.391911 0.371238  0.236851
8695 0.486089 0.3217  0.192212
136 0.547327 0.181127  0.271546
5444 0.505843 0.156239  0.337918
5605 0.425139 0.545251  0.02961
9765 0.255947 0.0940402  0.650013
9017 0.612634 0.0640219  0.323344
6981 0.0281577 0.667401  0.304441
2631 0.0363902 0.392554  0.571055
5154 0.102441 0.597887  0.299671
4307 0.20505 0.786571  0.00837934
6227 0.0546056 0.560984  0.38441
384 0.062893 0.41239  0.524717
3087 0.320312 0.344637  0.335051
9049 0.461507 0.43563  0.102863
9674 0.397055 0.259729  0.343216
5269 0.0882977 0.427468  0.484235
4907 0.377415 0.436577  0.186008
2349 0.159007 0.242832  0.598161
330 0.505265 0.360923  0.133812
4269 0.408487 0.3101  0.281413
742 0.0548567 0.474234  0.470909
5911 0.29815 0.595643  0.106207
3813 0.810382 0.140473  0.0491442
3077 0.288888 0.255042  0.456071
7788 0.367766 0.111347  0.520887
5446 0.447241 0.129249  0.42351
7055 0.264286 0.346507  0.389207
2633 0.48865 0.387129  0.124221
6274 0.0311355 0.223495  0.74537
649 0.0144069 0.614823  0.37077
7671 0.486716 0.405104  0.10818
5837 0.284715 0.248141  0.467144
7367 0.248284 0.402324  0.349392
2328 0.572503 0.42065  0.00684686
3097 0.0795219 0.438576  0.481903
1064 0.466371 0.0531483  0.48048
6807 0.381264 0.266184  0.352552
8430 0.267004 0.386655  0.346341
2029 0.373585 0.216692  0.409723
8886 0.421553 0.542507  0.0359396
6151 0.163946 0.349247  0.486807
7558 0.897593 0.0877902  0.0146172
5081 0.218324 0.642631  0.139046
3926 0.413344 0.0888326  0.497824
3677 0.0574621 0.452155  0.490383
5137 0.427538 0.148347  0.424115
990 0.22512 0.603175  0.171706
3740 0.570617 0.154453  0.274929
6203 0.411653 0.070554  0.517793
8111 0.164446 0.552786  0.282768
2554 0.176938 0.346271  0.476792
8260 0.223314 0.458697  0.317989
1695 0.309189 0.501057  0.189754
6060 0.519031 0.211587  0.269381
43 0.23823 0.329666  0.432105
1721 0.10993 0.768951  0.121119
2884 0.244579 0.091223  0.664198
3182 0.185957 0.403935  0.410108
4455 0.559979 0.158853  0.281168
4850 0.140301 0.2012  0.658499
7837 0.58303 0.406737  0.0102334
315 0.167104 0.167005  0.665891
1393 0.448843 0.180696  0.370461
2709 0.64077 0.041315  0.317914
1732 0.0947568 0.701229  0.204014
2347 0.416843 0.206478  0.376679
9779 0.256909 0.338917  0.404175
4547 0.317589 0.171617  0.510794
5117 0.350798 0.587393  0.0618093
6082 0.306674 0.423406  0.26992
2169 0.456581 0.404248  0.13917
4592 0.400083 0.193623  0.406294
566 0.493375 0.188921  0.317704
1838 0.417959 0.518479  0.0635618
4292 0.60449 0.272209  0.1233
3947 0.168459 0.491291  0.34025
9264 0.472291 0.46188  0.0658284
4334 0.363135 0.012873  0.623992
7759 0.25613 0.462471  0.281399
1673 0.27205 0.381231  0.346719
5070 0.31473 0.521133  0.164137
7006 0.195732 0.520338  0.28393
1790 0.128849 0.481964  0.389186
937 0.223366 0.395085  0.381549
2257 0.304875 0.55253  0.142595
3254 0.108609 0.377353  0.514038
6994 0.37975 0.214762  0.405487
1490 0.155256 0.291158  0.553585
9817 0.399503 0.314091  0.286406
2689 0.136161 0.251419  0.612421
530 0.440982 0.191935  0.367083
669 0.0866581 0.464976  0.448366
7983 0.332417 0.42652  0.241063
1533 0.214221 0.225653  0.560126
7231 0.250819 0.595676  0.153506
6498 0.284128 0.403998  0.311873
4391 0.342315 0.446415  0.21127
6073 0.208459 0.476272  0.315268
2574 0.282174 0.407558  0.310268
4261 0.394874 0.102883  0.502243
8789 0.495901 0.417815  0.0862844
3647 0.0322769 0.436744  0.530979
4591 0.118267 0.259709  0.622024
2168 0.529158 0.409071  0.0617703
8337 0.187285 0.267879  0.544837
2177 0.273483 0.542659  0.183859
6156 0.0477968 0.23837  0.713833
8945 0.324221 0.459521  0.216258
7966 0.124559 0.520882  0.354559
5809 0.372225 0.291281  0.336494
6495 0.259268 0.392603  0.34813
1775 0.444233 0.478865  0.0769026
5657 0.445622 0.454938  0.0994398
4248 0.425034 0.371056  0.20391
848 0.460929 0.340934  0.198137
1445 0.165982 0.509049  0.32497
2043 0.266626 0.297868  0.435506
4148 0.337014 0.157567  0.505419
6542 0.331538 0.492088  0.176374
7103 0.674576 0.239306  0.086118
2392 0.433846 0.447778  0.118376
6697 0.309248 0.487141  0.203611
5712 0.501348 0.424565  0.074087
826 0.34983 0.160244  0.489926
4886 0.133562 0.291474  0.574964
1228 0.189656 0.499897  0.310447
2121 0.354996 0.362167  0.282837
8221 0.554114 0.305758  0.140128
1337 0.0559346 0.569759  0.374307
9641 0.539262 0.273388  0.18735
3690 0.0543514 0.520496  0.425153
7818 0.301241 0.330894  0.367866
5246 0.313702 0.0352884  0.65101
847 0.0543965 0.668118  0.277486
464 0.416535 0.11582  0.467645
6413 0.0343379 0.509843  0.45582
5971 0.491538 0.493463  0.0149996
9668 0.326802 0.578687  0.0945105
5811 0.51893 0.131079  0.349991
8591 0.298617 0.215812  0.485571
2891 0.817417 0.15507  0.0275132
513 0.279216 0.304519  0.416265
5724 0.105971 0.24383  0.650198
6185 0.334622 0.342329  0.323049
9462 0.34028 0.336248  0.323472
3162 0.336757 0.154985  0.508258
2410 0.374671 0.262673  0.362657
375 0.903119 0.0366227  0.0602586
2213 0.527213 0.455386  0.0174007
7450 0.457871 0.459714  0.0824145
3761 0.716517 0.0512775  0.232205
8068 0.336356 0.361872  0.301772
4676 0.884457 0.0436788  0.0718647
4545 0.427295 0.20823  0.364476
1971 0.253512 0.728925  0.0175636
5677 0.484909 0.0146294  0.500462
8811 0.228235 0.453754  0.318012
6486 0.385398 0.168531  0.446071
4368 0.377539 0.130044  0.492417
1776 0.0199812 0.15918  0.820839
7593 0.0737985 0.664099  0.262102
4766 0.47257 0.153332  0.374098
8615 0.197118 0.343389  0.459493
556 0.39523 0.0279504  0.57682
4739 0.526225 0.286706  0.187068
7921 0.286689 0.10418  0.609131
5809 0.121505 0.326072  0.552423
5408 0.0593856 0.47809  0.462525
7076 0.214205 0.205137  0.580658
698 0.0855907 0.469061  0.445349
7448 0.172928 0.418218  0.408855
6827 0.0619503 0.211921  0.726128
4792 0.424058 0.129212  0.44673
7691 0.242285 0.440133  0.317582
6218 0.141156 0.156207  0.702637
1876 0.701498 0.0435665  0.254936
411 0.393864 0.445139  0.160997
8758 0.839177 0.130959  0.0298643
5537 0.382138 0.429687  0.188174
9066 0.469318 0.0459925  0.48469
4005 0.0573039 0.673224  0.269472
4732 0.522892 0.0322611  0.444847
7260 0.422867 0.346257  0.230876
5133 0.318279 0.269689  0.412032
1591 0.415083 0.429665  0.155252
945 0.00710185 0.593459  0.399439
8332 0.524711 0.393949  0.08134
7750 0.390396 0.597318  0.0122856
8385 0.309877 0.252863  0.437261
1907 0.561531 0.0388943  0.399575
3708 0.274304 0.277649  0.448047
7418 0.484983 0.155861  0.359155
6482 0.671077 0.102974  0.225949
1206 0.149122 0.262675  0.588203
2978 0.0700201 0.869707  0.060273
3053 0.0489068 0.301584  0.649509
5106 0.420783 0.0765969  0.50262
3625 0.21237 0.44254  0.34509
1154 0.12355 0.447211  0.429239
5288 0.308666 0.64959  0.0417441
3485 0.0992813 0.563733  0.336986
8710 0.435382 0.315342  0.249275
3488 0.740204 0.0335875  0.226209
4984 0.201121 0.0781261  0.720753
5675 0.0960051 0.498137  0.405857
7210 0.401599 0.0662302  0.532171
9593 0.299807 0.482586  0.217606
4201 0.512739 0.217149  0.270111
4357 0.376928 0.262594  0.360478
1885 0.472626 0.161435  0.365939
5308 0.488744 0.301383  0.209873
4940 0.45619 0.259203  0.284607
7640 0.461211 0.453727  0.0850623
3201 0.375483 0.26931  0.355207
460 0.107861 0.640265  0.251874
9116 0.0318573 0.621843  0.3463
338 0.144361 0.427279  0.428361
9246 0.717024 0.248271  0.0347051
1342 0.219663 0.530273  0.250064
581 0.338774 0.306343  0.354884
1484 0.49955 0.283552  0.216898
2956 0.185888 0.217261  0.596851
998 0.419545 0.21174  0.368715
1895 0.0860109 0.548653  0.365336
13 0.0294517 0.415402  0.555146
9708 0.482085 0.41929  0.0986244
791 0.35881 0.131693  0.509498
1387 0.200439 0.600496  0.199065
2201 0.245797 0.406547  0.347656
1084 0.39118 0.578597  0.0302233
5738 0.438088 0.481206  0.0807063
7148 0.449918 0.237925  0.312158
1377 0.511308 0.226164  0.262528
1890 0.176477 0.653909  0.169615
1144 0.166412 0.110156  0.723432
2988 0.239203 0.410174  0.350623
2807 0.288851 0.3631  0.348049
4188 0.11471 0.367623  0.517666
2949 0.308677 0.630078  0.0612451
2113 0.188386 0.385247  0.426368
226 0.321388 0.569844  0.108768
7441 0.354118 0.397707  0.248176
7173 0.0197865 0.516312  0.463901
3105 0.0585294 0.51444  0.427031
8206 0.236807 0.408704  0.354489
8020 0.414696 0.324169  0.261135
2042 0.376907 0.29582  0.327273
135 0.363827 0.148113  0.48806
4363 0.418046 0.171988  0.409966
8870 0.473116 0.0663714  0.460513
2053 0.284444 0.674168  0.0413883
2119 0.214155 0.680435  0.10541
7611 0.274704 0.247745  0.47755
9388 0.372197 0.278263  0.34954
7047 0.562106 0.326518  0.111376
9206 0.445699 0.0902323  0.464069
5955 0.359665 0.107894  0.532441
2949 0.135368 0.1834  0.681231
1881 0.265917 0.397581  0.336502
2349 0.0597134 0.629587  0.310699
3724 0.327553 0.262918  0.409529
3081 0.0763556 0.270218  0.653426
8748 0.34683 0.615491  0.0376788
323 0.14688 0.416853  0.436267
9714 0.548112 0.322217  0.129671
8360 0.209523 0.225422  0.565056
494 0.187298 0.533269  0.279433
2602 0.385448 0.383026  0.231526
5513 0.468145 0.302061  0.229794
4344 0.351004 0.443731  0.205265
1486 0.268443 0.500183  0.231373
12 0.210367 0.449266  0.340367
9395 0.225072 0.573467  0.201461
4850 0.413145 0.321678  0.265177
7997 0.0898651 0.41677  0.493365
6846 0.537444 0.433508  0.0290479
3919 0.364236 0.208315  0.427449
7776 0.699486 0.0181751  0.282339
1626 0.392468 0.0631868  0.544345
1673 0.535772 0.0899779  0.37425
1309 0.494348 0.0932748  0.412377
3408 0.643977 0.28751  0.068513
1523 0.105713 0.596265  0.298022
1877 0.420432 0.365408  0.214159
4042 0.472214 0.290625  0.237161
1509 0.205525 0.477112  0.317363
6536 0.312641 0.528654  0.158705
4364 0.812153 0.0429581  0.144889
3913 0.389881 0.289059  0.32106
3874 0.371976 0.29946  0.328564
1133 0.214415 0.52226  0.263325
1859 0.0960438 0.261533  0.642423
3399 0.37348 0.345896  0.280624
7524 0.344069 0.286517  0.369414
5899 0.274337 0.125906  0.599757
676 0.301478 0.357533  0.340989
212 0.634031 0.155021  0.210947
7438 0.596089 0.321625  0.0822854
3213 0.0955946 0.43675  0.467656
1865 0.134647 0.453365  0.411988
8599 0.240639 0.385346  0.374015
8137 0.439297 0.408832  0.151872
1623 0.197861 0.733743  0.0683955
6784 0.31143 0.45895  0.22962
2539 0.432386 0.0727324  0.494882
3253 0.417868 0.03846  0.543672
2337 0.0996207 0.3795  0.520879
6030 0.201867 0.240867  0.557266
4506 0.400152 0.286384  0.313464
4457 0.367819 0.262272  0.369909
2460 0.267331 0.0705788  0.66209
3643 0.101364 0.800364  0.0982718
3685 0.359507 0.250277  0.390217
4666 0.378261 0.37438  0.247359
4108 0.0358774 0.210439  0.753683
8977 0.274763 0.389039  0.336198
4883 0.372139 0.222999  0.404862
3686 0.895694 0.0754392  0.0288668
7907 0.405227 0.197919  0.396854
1301 0.273676 0.102493  0.623832
3668 0.48606 0.282265  0.231675
787 0.291468 0.587174  0.121359
4267 0.279047 0.325457  0.395496
3614 0.0897773 0.251515  0.658708
2945 0.444942 0.403744  0.151314
7954 0.263841 0.453067  0.283092
4964 0.34311 0.349696  0.307194
9208 0.180683 0.30571  0.513607
1508 0.469128 0.428901  0.10197
6414 0.324074 0.452065  0.223861
1301 0.19982 0.594199  0.205982
4960 0.567974 0.175849  0.256177
3588 0.358192 0.537274  0.104534
2648 0.314874 0.35962  0.325507
2003 0.0314874 0.485724  0.482788
207 0.101872 0.40657  0.491558
1805 0.334083 0.384465  0.281452
7043 0.319839 0.382267  0.297894
9270 0.417002 0.170061  0.412938
4540 0.0332221 0.285785  0.680993
9899 0.509081 0.404171  0.0867486
7043 0.162561 0.342264  0.495175
1935 0.0215471 0.259354  0.719099
5930 0.0383829 0.531536  0.430081
5773 0.00950794 0.563766  0.426726
6653 0.237583 0.626968  0.135449
9486 0.0768051 0.744529  0.178666
8572 0.278539 0.527046  0.194415
4719 0.122828 0.519547  0.357625
1421 0.441667 0.0324628  0.52587
5117 0.194797 0.471442  0.333761
3107 0.795789 0.0764671  0.127744
8316 0.586801 0.23246  0.180739
5648 0.359071 0.344663  0.296266
8924 0.462388 0.437052  0.10056
5881 0.404742 0.427037  0.168221
2540 0.218559 0.188116  0.593325
5179 0.0737895 0.38146  0.544751
9715 0.487312 0.105298  0.40739
2768 0.361011 0.223012  0.415977
9179 0.457165 0.111571  0.431265
5528 0.308848 0.210117  0.481034
720 0.156685 0.756588  0.086727
833 0.449274 0.129354  0.421372
1156 0.0386657 0.823708  0.137626
2937 0.13403 0.427198  0.438772
9827 0.309924 0.268602  0.421474
1055 0.0894248 0.476259  0.434316
9820 0.114167 0.72144  0.164393
2335 0.217598 0.37496  0.407442
3561 0.431758 0.041465  0.526777
5462 0.318741 0.27902  0.402239
4153 0.486564 0.462769  0.0506674
5556 0.347452 0.471909  0.180638
6132 0.174508 0.389041  0.43645
426 0.305771 0.25768  0.436549
5841 0.241994 0.476078  0.281928
7189 0.200048 0.235698  0.564254
4368 0.191198 0.498534  0.310268
2284 0.505901 0.103209  0.39089
3947 0.0228446 0.590563  0.386593
6395 0.271768 0.364255  0.363977
5496 0.295786 0.495123  0.209091
1882 0.280491 0.245622  0.473888
1843 0.592559 0.0335262  0.373915
5179 0.0675424 0.489902  0.442556
7245 0.390813 0.474649  0.134537
2212 0.505227 0.479643  0.0151296
7531 0.158308 0.44554  0.396152
2923 0.0578029 0.480462  0.461735
6691 0.384393 0.42497  0.190637
4408 0.425724 0.0424227  0.531854
3919 0.399982 0.513987  0.0860312
1411 0.25696 0.247761  0.495279
3117 0.385585 0.30508  0.309335
5871 0.260842 0.283642  0.455516
4848 0.669082 0.159993  0.170925
7246 0.498358 0.0438517  0.45779
8898 0.134811 0.577648  0.28754
4548 0.403534 0.13125  0.465216
9011 0.263647 0.326447  0.409907
2276 0.323915 0.118229  0.557855
1136 0.210781 0.393547  0.395672
4447 0.0901839 0.391938  0.517878
278 0.115832 0.652578  0.23159
2531 0.450633 0.537215  0.0121517
3545 0.457361 0.365427  0.177212
459 0.469404 0.452103  0.0784923
5063 0.220926 0.205573  0.5735
1806 0.501642 0.168852  0.329506
6644 0.314526 0.380002  0.305472
537 0.299599 0.212594  0.487807
6589 0.154898 0.666326  0.178776
9423 0.252669 0.316522  0.430809
6747 0.37987 0.316609  0.303521
3832 0.450419 0.169577  0.380004
2940 0.306966 0.439076  0.253958
5278 0.191638 0.252894  0.555468
183 0.0525474 0.458078  0.489374
1694 0.334176 0.56403  0.101794
9540 0.543477 0.290891  0.165632
6884 0.415542 0.544359  0.040099
9654 0.116396 0.430968  0.452637
874 0.247545 0.548841  0.203614
7751 0.434277 0.349163  0.21656
5782 0.668756 0.164212  0.167032
3364 0.104552 0.321059  0.574388
9346 0.434652 0.288576  0.276772
5136 0.21608 0.107698  0.676222
744 0.282854 0.358502  0.358644
7996 0.471615 0.116911  0.411474
2106 0.044241 0.385341  0.570418
8182 0.0823208 0.219767  0.697912
6148 0.370819 0.354565  0.274616
4630 0.539308 0.134904  0.325787
1550 0.255607 0.681992  0.0624012
9134 0.560201 0.0936458  0.346153
4320 0.0146876 0.53491  0.450402
4989 0.497348 0.191633  0.311019
9538 0.438176 0.360572  0.201252
5677 0.528245 0.448944  0.0228107
2746 0.337903 0.429957  0.23214
432 0.103908 0.384347  0.511744
6607 0.480208 0.124544  0.395248
1005 0.320218 0.293298  0.386484
2639 0.296135 0.658872  0.0449933
5227 0.636074 0.336845  0.0270818
9531 0.299962 0.283548  0.41649
9118 0.544144 0.331902  0.123954
8729 0.253534 0.333538  0.412928
6646 0.493913 0.357057  0.14903
5758 0.311308 0.294062  0.394629
7317 0.644688 0.0212723  0.33404
3518 0.299376 0.387916  0.312708
7065 0.442473 0.391082  0.166445
8576 0.109587 0.438701  0.451712
3279 0.841153 0.0963862  0.0624605
6647 0.173823 0.195895  0.630283
4994 0.326015 0.0965707  0.577415
4253 0.323208 0.184419  0.492373
1403 0.0281529 0.17415  0.797697
1901 0.549213 0.320853  0.129935
8079 0.128106 0.315103  0.556791
6990 0.414087 0.37496  0.210953
1222 0.367689 0.548619  0.0836923
2411 0.247776 0.225434  0.526789
7654 0.397487 0.352235  0.250278
2363 0.349179 0.311175  0.339647
5424 0.16462 0.370917  0.464463
9286 0.407782 0.0916814  0.500536
8585 0.433608 0.206046  0.360346
1715 0.262928 0.342304  0.394767
9876 0.16327 0.376724  0.460006
8436 0.26833 0.268026  0.463644
678 0.398752 0.35646  0.244789
2903 0.221217 0.501241  0.277543
1415 0.268049 0.546941  0.18501
293 0.249362 0.663603  0.087035
3384 0.601293 0.348828  0.0498786
37 0.347798 0.156483  0.495719
9776 0.421044 0.365109  0.213846
5338 0.529177 0.274658  0.196165
3089 0.509838 0.170387  0.319775
2530 0.240775 0.435821  0.323404
3543 0.598044 0.0207657  0.38119
5338 0.287719 0.325978  0.386303
1628 0.420164 0.0528112  0.527025
4874 0.210257 0.542732  0.247011
9846 0.292264 0.321696  0.38604
3230 0.0678676 0.385335  0.546797
1452 0.418556 0.398091  0.183354
9520 0.335344 0.478126  0.18653
9899 0.399835 0.272269  0.327896
2952 0.346835 0.293657  0.359508
572 0.190017 0.470533  0.33945
7912 0.0678085 0.496952  0.43524
1753 0.609212 0.216996  0.173792
4312 0.101861 0.413745  0.484394
6036 0.653265 0.019615  0.32712
4662 0.521083 0.386655  0.0922623
2125 0.168581 0.348949  0.482469
3863 0.450434 0.336857  0.212709
2949 0.369518 0.232805  0.397677
2178 0.446575 0.444492  0.108933
3652 0.334326 0.523365  0.142309
2268 0.375897 0.236438  0.387665
6364 0.349605 0.585929  0.0644659
4916 0.169006 0.651484  0.179511
2601 0.301491 0.325691  0.372818
6338 0.564305 0.410933  0.0247627
6626 0.728448 0.238913  0.0326392
3164 0.165261 0.0788918  0.755847
4311 0.434055 0.122004  0.443941
7901 0.088633 0.538148  0.373219
9451 0.596902 0.346624  0.0564748
2202 0.521722 0.0734745  0.404803
4165 0.354581 0.3048  0.340618
1275 0.472398 0.212754  0.314848
5359 0.615889 0.0649948  0.319116
4581 0.442734 0.0986932  0.458572
2506 0.379552 0.185917  0.434531
1208 0.188819 0.619161  0.19202
7809 0.176826 0.424613  0.398561
5492 0.28468 0.321119  0.3942
5528 0.236268 0.476681  0.287051
9744 0.599871 0.0700778  0.330051
2584 0.333028 0.580718  0.0862539
2828 0.302728 0.0739518  0.62332
4813 0.377932 0.361965  0.260103
2479 0.117863 0.345805  0.536332
9657 0.297531 0.429739  0.27273
591 0.483659 0.0916287  0.424712
4326 0.269442 0.151892  0.578666
1368 0.254892 0.413089  0.332019
6253 0.165583 0.499154  0.335264
3165 0.310563 0.0219213  0.667516
1487 0.264405 0.38947  0.346125
3269 0.140945 0.327769  0.531286
8172 0.0305348 0.460465  0.509001
3683 0.483462 0.335037  0.181501
4177 0.220265 0.334015  0.44572
3569 0.220568 0.524483  0.254948
4693 0.37764 0.484795  0.137565
6768 0.440532 0.395647  0.163821
3597 0.135065 0.285006  0.579929
2316 0.0422257 0.814902  0.142873
4189 0.172058 0.442556  0.385386
5963 0.584017 0.30264  0.113343
2658 0.131002 0.433527  0.435471
1865 0.119448 0.499877  0.380675
1178 0.553649 0.121981  0.32437
4694 0.21831 0.193115  0.588575
788 0.0343258 0.405701  0.559973
5285 0.17949 0.538543  0.281967
7762 0.924242 0.0434008  0.0323571
3777 0.105149 0.419022  0.475829
8913 0.254434 0.347339  0.398227
2703 0.0703606 0.226188  0.703452
433 0.496155 0.25163  0.252215
4814 0.294392 0.3764  0.329207
5098 0.386324 0.195993  0.417683
8939 0.403247 0.412766  0.183986
6206 0.249055 0.607491  0.143453
3499 0.615107 0.171169  0.213725
5416 0.311663 0.337095  0.351242
8626 0.520145 0.453816  0.0260386
6515 0.473417 0.255377  0.271206
5494 0.317609 0.526636  0.155755
5666 0.344432 0.260458  0.39511
4205 0.707189 0.0706621  0.222149
1509 0.307292 0.152053  0.540655
2093 0.24121 0.338802  0.419988
104 0.388305 0.229482  0.382212
7952 0.278115 0.344653  0.377232
4769 0.242228 0.172452  0.58532
1753 0.269459 0.147179  0.583362
3067 0.379513 0.35056  0.269926
9916 0.467999 0.455485  0.076516
1703 0.33225 0.263157  0.404593
237 0.188637 0.310024  0.501339
3088 0.112414 0.5095  0.378087
8029 0.370091 0.37187  0.258039
6599 0.381465 0.258513  0.360022
7588 0.235704 0.29553  0.468766
3543 0.0106024 0.348089  0.641309
5890 0.583834 0.212505  0.203661
3524 0.257718 0.12775  0.614531
3427 0.0195045 0.120205  0.86029
126 0.677313 0.291796  0.030891
2526 0.598399 0.274578  0.127023
1457 0.249937 0.355749  0.394314
7736 0.502858 0.104967  0.392174
1332 0.252271 0.157666  0.590063
6214 0.436259 0.312717  0.251024
5692 0.136223 0.263807  0.59997
621 0.340511 0.229931  0.429557
8505 0.811496 0.0581759  0.130328
5721 0.174403 0.329464  0.496133
5545 0.375496 0.497642  0.126862
2561 0.576575 0.0821489  0.341276
3584 0.354924 0.617755  0.0273205
1490 0.45489 0.10972  0.43539
5578 0.377352 0.0178261  0.604822
9269 0.128802 0.558876  0.312323
2364 0.227183 0.205211  0.567605
8945 0.471726 0.165553  0.362721
2961 0.364826 0.484673  0.150501
9180 0.343721 0.555377  0.100903
3223 0.0639275 0.204286  0.731786
3097 0.413724 0.124822  0.461454
4571 0.021226 0.423766  0.555008
1323 0.297009 0.327842  0.37515
2051 0.358729 0.420233  0.221038
3520 0.61079 0.223949  0.165261
4928 0.330334 0.170447  0.49922
3866 0.270328 0.414114  0.315558
1616 0.380437 0.253832  0.365732
5870 0.453029 0.122156  0.424815
6051 0.334646 0.23366  0.431694
7623 0.394159 0.376777  0.229064
9237 0.484177 0.34062  0.175203
1369 0.139481 0.582681  0.277838
4896 0.300291 0.375753  0.323956
4769 0.929608 0.0462326  0.0241598
3493 0.643268 0.258731  0.098001
7826 0.446294 0.374274  0.179431
2283 0.297465 0.474139  0.228396
5584 0.0569804 0.542589  0.400431
5275 0.630746 0.169205  0.200049
4019 0.0593924 0.474246  0.466361
9349 0.476639 0.127085  0.396276
8939 0.673999 0.0806889  0.245312
5976 0.508333 0.119117  0.372551
5029 0.490403 0.228409  0.281188
7169 0.192602 0.407616  0.399782
5640 0.424923 0.386165  0.188912
4119 0.416958 0.467477  0.115565
6938 0.34141 0.199908  0.458682
9123 0.450142 0.373895  0.175963
2517 0.358213 0.250094  0.391693
6859 0.407261 0.382699  0.21004
6263 0.453175 0.527507  0.0193178
913 0.43386 0.120387  0.445753
6010 0.690287 0.111548  0.198165
2520 0.321336 0.394592  0.284072
3227 0.363068 0.292953  0.343979
3072 0.640444 0.048076  0.31148
3932 0.320667 0.333415  0.345918
8578 0.329765 0.176379  0.493856
6801 0.113945 0.28367  0.602385
5223 0.310481 0.306958  0.382561
6481 0.113718 0.190671  0.695611
5816 0.363517 0.47315  0.163334
4811 0.513236 0.0484028  0.438362
1937 0.0335084 0.500137  0.466355
3628 0.539172 0.349925  0.110903
6404 0.254547 0.364597  0.380856
602 0.388813 0.26912  0.342067
2483 0.607235 0.12086  0.271905
2051 0.640928 0.183585  0.175487
6163 0.111839 0.553572  0.334589
9753 0.257493 0.202096  0.540411
3501 0.600122 0.0271577  0.37272
9574 0.220704 0.395635  0.383661
2818 0.513088 0.11733  0.369581
9396 0.0289538 0.203909  0.767137
1773 0.0700829 0.309621  0.620296
4338 0.339835 0.475041  0.185123
5384 0.202076 0.703141  0.0947831
1761 0.173452 0.600383  0.226165
7216 0.361467 0.250201  0.388332
2692 0.16958 0.123973  0.706448
8420 0.501128 0.427  0.0718717
698 0.304844 0.365226  0.329931
1367 0.410767 0.200488  0.388745
3731 0.489589 0.300339  0.210072
4758 0.553392 0.0368356  0.409772
460 0.263808 0.0152755  0.720917
3112 0.199073 0.540915  0.260012
2825 0.304645 0.416681  0.278674
6284 0.0997311 0.761106  0.139163
2225 0.19739 0.195377  0.607233
4365 0.247465 0.340688  0.411846
8433 0.127146 0.470456  0.402398
4961 0.0253499 0.239308  0.735342
9440 0.163871 0.418386  0.417743
5303 0.50568 0.110434  0.383886
7820 0.239015 0.22546  0.535524
3280 0.525967 0.0583074  0.415725
5342 0.298748 0.0945842  0.606668
6356 0.346928 0.54862  0.104452
4342 0.709871 0.199289  0.09084
5924 0.572914 0.225902  0.201184
6239 0.311606 0.618504  0.0698907
4422 0.53076 0.234119  0.235121
6624 0.409364 0.0628529  0.527783
4196 0.481334 0.0272206  0.491445
6260 0.538963 0.101525  0.359512
1337 0.127598 0.606915  0.265487
2545 0.224386 0.424663  0.350951
865 0.456152 0.467751  0.0760966
6625 0.279981 0.334898  0.385121
3433 0.478362 0.0184203  0.503217
4444 0.198106 0.0842679  0.717626
7878 0.241522 0.0970968  0.661381
1547 0.350008 0.0116801  0.638312
4605 0.0953046 0.403894  0.500801
3838 0.167061 0.295989  0.53695
3903 0.310881 0.333774  0.355346
5777 0.292963 0.230762  0.476275
1549 0.290428 0.438026  0.271546
1073 0.12009 0.586548  0.293362
7639 0.273004 0.47049  0.256506
5892 0.192112 0.716611  0.0912773
262 0.154946 0.498723  0.346331
3087 0.399366 0.0713325  0.529302
4031 0.71066 0.246546  0.0427936
7479 0.240716 0.504562  0.254722
8310 0.287294 0.385259  0.327448
2428 0.533931 0.0526654  0.413403
2430 0.165797 0.579556  0.254647
7178 0.450199 0.202926  0.346874
4694 0.325678 0.245375  0.428947
2493 0.415632 0.329666  0.254701
2757 0.525316 0.0801981  0.394486
1950 0.407873 0.446579  0.145548
4814 0.778853 0.11732  0.103827
8188 0.107257 0.535466  0.357277
4511 0.418453 0.471211  0.110336
6421 0.473726 0.261307  0.264967
6457 0.140305 0.513081  0.346614
4626 0.238836 0.249825  0.511338
4133 0.576431 0.0316447  0.391924
3202 0.594806 0.239607  0.165587
520 0.207868 0.617371  0.174761
166 0.383311 0.149179  0.46751
3109 0.786296 0.112738  0.100967
7252 0.770372 0.218093  0.0115348
4274 0.19862 0.528129  0.273252
3862 0.378038 0.0821348  0.539828
4733 0.458631 0.193683  0.347686
6215 0.738275 0.00923541  0.25249
3414 0.518409 0.341376  0.140216
7347 0.282087 0.473817  0.244096
5260 0.490801 0.263632  0.245567
3315 0.336013 0.340959  0.323028
7320 0.434348 0.165944  0.399708
4377 0.296608 0.574091  0.129302
2319 0.417277 0.350515  0.232209
8470 0.408321 0.242684  0.348995
3368 0.125603 0.365702  0.508695
2230 0.525833 0.455713  0.0184539
7059 0.533466 0.365662  0.100872
1150 0.514295 0.450081  0.0356245
3542 0.107265 0.0521868  0.840548
4483 0.0958003 0.703856  0.200344
3684 0.24146 0.337674  0.420866
3451 0.0260005 0.538248  0.435752
2359 0.434264 0.17584  0.389896
4845 0.34716 0.268838  0.384002
5813 0.262417 0.3737  0.363883
6395 0.271809 0.312678  0.415513
4030 0.236326 0.129117  0.634558
8876 0.134111 0.744258  0.121631
3828 0.358867 0.460953  0.18018
2508 0.095006 0.403989  0.501005
6981 0.0743193 0.0224045  0.903276
6603 0.407831 0.475538  0.116631
3683 0.29812 0.392737  0.309143
2367 0.472347 0.268731  0.258922
3132 0.370975 0.347086  0.281939
682 0.195707 0.402396  0.401897
3438 0.295523 0.0247867  0.67969
1815 0.380932 0.540169  0.0788992
4681 0.232431 0.194048  0.573521
5721 0.382669 0.0760708  0.54126
1202 0.203925 0.376746  0.419329
4708 0.458025 0.506595  0.0353796
3447 0.325105 0.217508  0.457387
4911 0.344496 0.336291  0.319212
6310 0.50187 0.351099  0.147031
4801 0.369975 0.332859  0.297166
3939 0.37051 0.267963  0.361527
8351 0.442553 0.390282  0.167165
5620 0.336698 0.413168  0.250134
4426 0.304162 0.436354  0.259484
4295 0.21473 0.428078  0.357192
7258 0.508562 0.31654  0.174898
6289 0.216048 0.497749  0.286203
8628 0.402702 0.535827  0.061471
4669 0.182245 0.352381  0.465374
7025 0.364267 0.2238  0.411933
7710 0.160211 0.359331  0.480458
4190 0.176254 0.429088  0.394657
185 0.48897 0.331453  0.179577
4324 0.662508 0.327915  0.00957684
3502 0.196426 0.384093  0.419481
4282 0.284594 0.214024  0.501382
772 0.293579 0.685316  0.0211048
7607 0.370586 0.383505  0.245908
2573 0.293194 0.368851  0.337955
2738 0.291844 0.356688  0.351468
3144 0.293138 0.335648  0.371213
1160 0.485199 0.243775  0.271025
2400 0.381322 0.277062  0.341616
7906 0.263625 0.167467  0.568908
6446 0.312731 0.65839  0.0288796
2522 0.158223 0.410154  0.431623
840 0.460922 0.297663  0.241415
5219 0.399247 0.575798  0.0249556
7487 0.257891 0.728703  0.0134063
6329 0.325098 0.198976  0.475926
3397 0.0331615 0.91186  0.0549787
146 0.269117 0.435826  0.295058
2881 0.365083 0.32681  0.308107
1890 0.0948015 0.401504  0.503694
4234 0.375812 0.139732  0.484456
6841 0.241758 0.0939291  0.664313
2853 0.509244 0.145682  0.345074
4751 0.212251 0.483331  0.304418
4404 0.221052 0.589954  0.188993
2968 0.244541 0.406445  0.349013
3592 0.407823 0.225726  0.366451
6362 0.362922 0.236308  0.40077
4198 0.302858 0.461164  0.235978
1307 0.429997 0.468558  0.101445
832 0.258223 0.212696  0.529081
8442 0.196587 0.221163  0.58225
3185 0.181075 0.518371  0.300554
626 0.229633 0.41703  0.353337
4822 0.30787 0.0659872  0.626143
7542 0.408238 0.214948  0.376814
534 0.425484 0.0271995  0.547317
6419 0.196064 0.34967  0.454266
3793 0.355731 0.317558  0.326711
8234 0.616656 0.289266  0.0940782
8976 0.426091 0.39393  0.179978
5738 0.0707254 0.54297  0.386305
4269 0.3297 0.363103  0.307197
1005 0.0825768 0.497363  0.420061
4825 0.342758 0.359944  0.297298
4002 0.489074 0.366086  0.144839
5391 0.186876 0.282154  0.530971
3912 0.394452 0.215424  0.390124
1999 0.218983 0.350011  0.431005
5772 0.244891 0.527608  0.227501
7065 0.365328 0.113227  0.521445
972 0.163967 0.382203  0.45383
7429 0.327407 0.407882  0.264711
6456 0.17626 0.785196  0.0385443
3810 0.611771 0.309168  0.0790619
2247 0.381733 0.312826  0.305441
4547 0.0887951 0.171526  0.739679
3590 0.346526 0.593602  0.0598727
5500 0.179447 0.0575992  0.762954
8136 0.450274 0.267345  0.282381
2306 0.28372 0.18998  0.526299
3765 0.110003 0.571833  0.318164
1224 0.574738 0.114312  0.310951
6732 0.377142 0.362415  0.260443
5932 0.175541 0.38006  0.4444
2532 0.266513 0.495181  0.238306
8597 0.266042 0.368945  0.365013
74 0.0369608 0.578459  0.384581
4735 0.565256 0.0939753  0.340768
4398 0.497359 0.083977  0.418664
34 0.395515 0.0955936  0.508891
3797 0.273733 0.517326  0.208941
4789 0.200219 0.29964  0.500141
7167 0.130965 0.386003  0.483032
4701 0.243714 0.257282  0.499003
5117 0.0281928 0.636497  0.33531
6840 0.352298 0.270487  0.377216
7219 0.124551 0.289703  0.585746
3603 0.1315 0.772803  0.095697
7237 0.630349 0.317251  0.0524005
3277 0.379456 0.241195  0.379349
2928 0.349608 0.238745  0.411647
1066 0.149253 0.481808  0.368939
9599 0.42818 0.283364  0.288456
6703 0.449217 0.365538  0.185245
4901 0.590807 0.0776505  0.331542
2706 0.115696 0.444076  0.440228
6747 0.413686 0.352262  0.234052
6063 0.13192 0.376747  0.491333
3857 0.28444 0.452441  0.263119
5035 0.530498 0.364016  0.105486
4178 0.219729 0.135765  0.644506
7492 0.0323201 0.439206  0.528474
800 0.45154 0.168384  0.380075
1713 0.473356 0.465585  0.0610592
8401 0.243186 0.352436  0.404377
7792 0.284388 0.211648  0.503963
529 0.441793 0.426522  0.131686
5126 0.576328 0.0482752  0.375397
5414 0.302873 0.58338  0.113747
1015 0.39947 0.123231  0.477299
962 0.118835 0.434288  0.446877
6369 0.193755 0.526606  0.27964
7447 0.263485 0.370883  0.365632
2563 0.353472 0.576223  0.0703053
2059 0.559642 0.38544  0.0549184
5109 0.67298 0.0451888  0.281831
4649 0.0819521 0.0174812  0.900567
8092 0.418704 0.309783  0.271513
3524 0.377295 0.498315  0.12439
7015 0.675643 0.168183  0.156174
6364 0.495986 0.227129  0.276884
1338 0.200895 0.504444  0.29466
4704 0.126069 0.720317  0.153615
5273 0.232461 0.387825  0.379714
7777 0.338967 0.221287  0.439747
6707 0.503164 0.30184  0.194996
824 0.0425194 0.306678  0.650803
9514 0.568887 0.183012  0.248101
6380 0.410046 0.287899  0.302056
8308 0.555457 0.224831  0.219712
4379 0.234964 0.413419  0.351617
9622 0.086409 0.521362  0.392229
6124 0.440751 0.166938  0.392311
6991 0.300383 0.457269  0.242347
8942 0.191656 0.236959  0.571385
5021 0.373287 0.118873  0.50784
5578 0.476835 0.0945389  0.428626
2779 0.407075 0.413729  0.179196
1260 0.323572 0.559873  0.116554
5123 0.490821 0.28185  0.227329
2317 0.471802 0.255348  0.27285
2522 0.354556 0.446263  0.199181
6179 0.259109 0.513471  0.22742
2656 0.367409 0.166004  0.466587
4076 0.682767 0.074969  0.242264
1662 0.38355 0.231583  0.384867
6005 0.183237 0.398271  0.418492
913 0.58246 0.310497  0.107043
2933 0.666576 0.250037  0.0833871
6398 0.633191 0.170926  0.195883
2845 0.0294985 0.195542  0.77496
1007 0.248516 0.448285  0.303198
2253 0.811858 0.174338  0.0138038
4532 0.0532033 0.715666  0.23113
7804 0.573441 0.140101  0.286458
5627 0.30081 0.641391  0.0577989
5484 0.41967 0.376988  0.203342
3985 0.397325 0.542819  0.0598567
9556 0.425387 0.502151  0.0724622
9578 0.379167 0.490356  0.130478
5648 0.54735 0.300829  0.151821
7003 0.220743 0.266974  0.512282
6535 0.245402 0.299726  0.454872
6303 0.474098 0.341359  0.184543
9050 0.258592 0.413182  0.328226
2361 0.0952537 0.453375  0.451371
3400 0.253475 0.219941  0.526583
7662 0.252558 0.728127  0.0193155
870 0.0304656 0.52373  0.445805
1522 0.213206 0.0429873  0.743807
3510 0.479823 0.406319  0.113858
2477 0.266364 0.254917  0.478719
9499 0.659858 0.203957  0.136185
6145 0.483951 0.313413  0.202636
5350 0.190797 0.136774  0.672428
2080 0.292835 0.539482  0.167683
3113 0.263569 0.542369  0.194062
8388 0.398828 0.576123  0.0250496
2504 0.251792 0.394155  0.354053
371 0.423538 0.388065  0.188397
2156 0.599893 0.239327  0.160779
5952 0.124577 0.337961  0.537462
2405 0.230717 0.316332  0.452951
1619 0.444247 0.42623  0.129523
7221 0.210499 0.404427  0.385074
1905 0.478529 0.384723  0.136748
813 0.414865 0.0561914  0.528944
2609 0.261055 0.479526  0.259419
3867 0.50316 0.14076  0.35608
3684 0.424887 0.391481  0.183632
1815 0.509503 0.469027  0.0214697
267 0.656747 0.12913  0.214123
2794 0.107583 0.525741  0.366676
4885 0.610284 0.347225  0.0424909
5622 0.231408 0.384957  0.383636
5157 0.209907 0.490879  0.299213
1759 0.420644 0.41949  0.159866
6408 0.724039 0.128992  0.146969
4587 0.570018 0.010938  0.419044
3106 0.290598 0.369438  0.339964
3366 0.224181 0.054337  0.721482
9584 0.36923 0.413599  0.21717
1890 0.161738 0.613143  0.225119
963 0.595632 0.38264  0.0217279
6895 0.420218 0.414467  0.165314
7526 0.298929 0.668836  0.0322351
3798 0.329912 0.516588  0.153499
5179 0.429925 0.123452  0.446623
