4086 0.459753 0.396295  0.143951
16 0.192086 0.192651  0.615263
879 0.250955 0.598821  0.150224
677 0.611377 0.106933  0.28169
3564 0.396553 0.0305474  0.5729
3836 0.194867 0.643565  0.161568
2756 0.464309 0.403369  0.132322
176 0.307753 0.339726  0.352521
1384 0.354223 0.275223  0.370555
3624 0.112019 0.41598  0.472002
2991 0.318673 0.460125  0.221202
130 0.327002 0.335036  0.337963
2264 0.230294 0.393649  0.376057
866 0.387331 0.601523  0.0111456
255 0.256262 0.441071  0.302667
717 0.40954 0.503637  0.0868228
2377 0.368074 0.435495  0.196431
3956 0.255036 0.207294  0.53767
2374 0.243552 0.345899  0.41055
719 0.349649 0.330938  0.319413
2840 0.0226853 0.383602  0.593713
3479 0.605581 0.327297  0.0671215
4668 0.451937 0.129445  0.418618
2850 0.490976 0.0948986  0.414125
3833 0.141601 0.0831667  0.775233
3894 0.442469 0.366034  0.191497
1337 0.0767527 0.372482  0.550765
4844 0.0164192 0.802176  0.181405
3830 0.494997 0.360635  0.144368
444 0.439688 0.271309  0.289003
2998 0.296767 0.2074  0.495832
705 0.392 0.244866  0.363134
152 0.305867 0.598569  0.0955642
63 0.268132 0.355205  0.376663
3562 0.420194 0.173531  0.406275
90 0.430474 0.168777  0.400749
901 0.174861 0.326585  0.498553
1119 0.549282 0.163558  0.28716
606 0.6403 0.0211326  0.338567
4274 0.671387 0.0154971  0.313116
3025 0.68005 0.16756  0.15239
5013 0.425511 0.304133  0.270356
408 0.241193 0.412367  0.34644
3976 0.340194 0.343046  0.31676
3897 0.649171 0.333577  0.0172518
2478 0.515299 0.100476  0.384224
2492 0.32573 0.305758  0.368512
1899 0.0286449 0.765629  0.205727
3479 0.369847 0.409805  0.220348
3881 0.380182 0.186935  0.432883
719 0.128938 0.284736  0.586326
856 0.203147 0.513053  0.2838
717 0.22982 0.457674  0.312505
452 0.572387 0.0874994  0.340113
159 0.397134 0.385827  0.217038
800 0.574283 0.320278  0.105439
2456 0.0174704 0.812109  0.170421
3518 0.447115 0.0572975  0.495588
707 0.36911 0.257887  0.373003
214 0.275144 0.345214  0.379642
2778 0.400001 0.35977  0.240229
1338 0.294791 0.55152  0.153689
2260 0.519911 0.142281  0.337807
2944 0.15711 0.74228  0.10061
2260 0.13066 0.47278  0.396559
3880 0.450309 0.0977607  0.451931
1603 0.074195 0.433072  0.492733
3441 0.331285 0.104755  0.56396
2994 0.440842 0.278301  0.280857
2478 0.369322 0.315653  0.315025
1538 0.098057 0.514394  0.387549
1804 0.60258 0.18455  0.21287
928 0.313806 0.325317  0.360878
153 0.349463 0.467395  0.183142
1275 0.396275 0.229283  0.374443
2808 0.586959 0.0286  0.384441
860 0.348329 0.390684  0.260987
2774 0.151326 0.436615  0.412059
530 0.333524 0.406726  0.25975
1551 0.420225 0.458524  0.121251
4185 0.358627 0.369528  0.271845
1550 0.237038 0.103585  0.659377
4541 0.598654 0.264444  0.136902
3025 0.372919 0.206861  0.420221
3014 0.0212077 0.118921  0.859871
3469 0.286255 0.433585  0.28016
3848 0.110687 0.276298  0.613015
1490 0.394867 0.317441  0.287693
831 0.183881 0.430183  0.385936
150 0.0637381 0.596943  0.339319
3444 0.300562 0.4087  0.290739
698 0.453243 0.318294  0.228463
2470 0.445657 0.275623  0.27872
2909 0.222343 0.264131  0.513526
3871 0.872808 0.0166948  0.110497
4006 0.0721092 0.308056  0.619835
4388 0.158444 0.484109  0.357447
1807 0.478329 0.448712  0.0729591
3030 0.264663 0.705476  0.0298608
1950 0.32921 0.0522903  0.6185
2514 0.55789 0.154492  0.287618
902 0.241839 0.343977  0.414184
2847 0.509619 0.347754  0.142627
2994 0.112081 0.511095  0.376824
2878 0.0825342 0.305818  0.611647
901 0.247322 0.466418  0.28626
833 0.245796 0.660799  0.0934041
1316 0.475491 0.447109  0.0773999
879 0.388842 0.322895  0.288263
3912 0.390065 0.392083  0.217852
2951 0.223453 0.305293  0.471254
3001 0.547379 0.396575  0.0560464
18 0.178438 0.497957  0.323606
4698 0.259699 0.26556  0.474741
223 0.0724867 0.485496  0.442017
3109 0.203928 0.386057  0.410015
2234 0.391631 0.322772  0.285597
3927 0.275769 0.249066  0.475165
4790 0.367403 0.361995  0.270602
318 0.502397 0.0834265  0.414177
528 0.138427 0.520475  0.341098
3467 0.023887 0.365808  0.610305
579 0.0545518 0.501145  0.444303
2501 0.289296 0.494469  0.216235
3924 0.0464799 0.528483  0.425037
2207 0.186769 0.405942  0.407289
2473 0.349977 0.363197  0.286826
345 0.709635 0.0492486  0.241116
351 0.2204 0.392179  0.387421
2473 0.0294063 0.475899  0.494695
706 0.575975 0.0726262  0.351399
20 0.774449 0.0545284  0.171022
1231 0.483969 0.432732  0.0832986
1902 0.384906 0.239672  0.375422
409 0.337696 0.353876  0.308428
276 0.416033 0.291416  0.29255
156 0.0333942 0.532169  0.434436
3924 0.114699 0.352067  0.533234
5009 0.569589 0.325665  0.104746
703 0.253894 0.599033  0.147073
3440 0.530886 0.375761  0.0933531
3469 0.338319 0.324053  0.337628
272 0.449215 0.419145  0.13164
4086 0.193278 0.678778  0.127945
3426 0.300029 0.275211  0.42476
2205 0.0360982 0.341987  0.621915
3929 0.28317 0.057836  0.658994
2995 0.258041 0.440246  0.301712
3111 0.33978 0.276366  0.383854
1348 0.463024 0.130748  0.406228
2116 0.179752 0.489514  0.330734
2240 0.0832316 0.537387  0.379382
875 0.46469 0.45002  0.0852905
4799 0.200356 0.459635  0.340008
342 0.342215 0.320041  0.337744
6 0.520881 0.295291  0.183828
4493 0.738087 0.138488  0.123425
924 0.39454 0.298126  0.307333
664 0.221761 0.511675  0.266564
3450 0.395518 0.380106  0.224375
697 0.0405198 0.904973  0.0545075
1302 0.315234 0.284745  0.400021
3910 0.516652 0.13345  0.349898
1111 0.151781 0.835874  0.0123456
2880 0.362531 0.0869462  0.550523
3010 0.452326 0.534757  0.012917
3004 0.327831 0.427765  0.244404
2523 0.212583 0.523296  0.264121
2878 0.478774 0.257472  0.263755
2523 0.378016 0.567674  0.0543105
2354 0.240543 0.338598  0.420859
2630 0.0180515 0.635725  0.346224
1820 0.526645 0.0280863  0.445269
3488 0.401877 0.393452  0.204671
3937 0.234534 0.414071  0.351395
324 0.199055 0.404582  0.396363
876 0.256759 0.187818  0.555423
3485 0.326653 0.290741  0.382606
3121 0.365899 0.292875  0.341227
2202 0.225789 0.482967  0.291244
3483 0.383591 0.0308839  0.585525
2492 0.216775 0.499252  0.283973
3967 0.132284 0.235673  0.632043
2198 0.320136 0.414098  0.265767
3939 0.32945 0.623447  0.0471029
1904 0.206247 0.70424  0.0895132
1279 0.484377 0.404965  0.110658
1335 0.384006 0.317667  0.298327
4179 0.522955 0.0853895  0.391655
3475 0.228747 0.429921  0.341332
4726 0.268721 0.333231  0.398048
903 0.0319886 0.511959  0.456053
3853 0.0671105 0.48646  0.44643
1118 0.441241 0.0782441  0.480515
148 0.37659 0.210769  0.412641
23 0.366885 0.461141  0.171974
2838 0.423552 0.457164  0.119283
2206 0.235146 0.215826  0.549029
624 0.39754 0.288024  0.314436
2511 0.183386 0.585669  0.230945
2467 0.246464 0.280829  0.472706
2170 0.478182 0.4016  0.120218
4624 0.508045 0.445493  0.0464617
1383 0.288843 0.586786  0.12437
3647 0.0889811 0.774304  0.136715
4375 0.204656 0.321765  0.47358
1516 0.417007 0.355775  0.227218
2381 0.121135 0.272059  0.606806
694 0.0810833 0.344026  0.574891
2615 0.384049 0.365536  0.250415
2380 0.442652 0.382239  0.175109
3849 0.332642 0.146273  0.521085
1494 0.0413059 0.522344  0.43635
510 0.368089 0.39153  0.240381
3862 0.0595947 0.311312  0.629093
1693 0.287153 0.484988  0.227859
3587 0.549134 0.163045  0.28782
1301 0.509276 0.433286  0.057438
1416 0.234348 0.107785  0.657867
669 0.0287049 0.750082  0.221213
2521 0.135885 0.473366  0.390749
1537 0.246736 0.332889  0.420376
2978 0.135827 0.476142  0.388031
1381 0.648496 0.314606  0.0368982
4673 0.567946 0.245305  0.186749
3481 0.45389 0.324083  0.222027
609 0.0715063 0.448557  0.479937
3023 0.510803 0.195456  0.293741
1697 0.198403 0.543142  0.258454
2472 0.381832 0.179315  0.438853
3457 0.425728 0.404035  0.170237
2519 0.0344855 0.392347  0.573168
1293 0.161909 0.765447  0.0726437
2483 0.640006 0.21096  0.149034
343 0.447867 0.345458  0.206675
4615 0.597309 0.38694  0.0157511
3871 0.184749 0.579728  0.235523
360 0.265045 0.339653  0.395302
2466 0.549718 0.0696491  0.380633
1547 0.41463 0.335912  0.249457
700 0.205584 0.380463  0.413953
2100 0.35455 0.551449  0.094001
3881 0.428992 0.550065  0.0209436
2618 0.681341 0.300768  0.017891
4055 0.124162 0.721282  0.154555
4897 0.475386 0.43912  0.0854945
529 0.491848 0.120991  0.387161
715 0.297266 0.252387  0.450347
2984 0.0282528 0.474912  0.496835
3957 0.296774 0.625234  0.0779927
2474 0.370617 0.311052  0.318331
3836 0.0238688 0.461113  0.515018
4007 0.165359 0.209563  0.625078
984 0.0805239 0.0260528  0.893423
3844 0.217314 0.405054  0.377632
4445 0.204412 0.288033  0.507555
2467 0.711913 0.10119  0.186897
568 0.035638 0.320473  0.643889
2232 0.314637 0.408205  0.277159
911 0.802879 0.0954624  0.101659
3952 0.187777 0.358826  0.453396
4770 0.148977 0.175399  0.675624
1323 0.46735 0.44855  0.0840996
1495 0.371168 0.295993  0.33284
1488 0.0234497 0.473554  0.502996
4051 0.317487 0.443148  0.239366
2517 0.294242 0.41603  0.289728
884 0.26585 0.50461  0.22954
3832 0.502296 0.115044  0.38266
59 0.328989 0.356233  0.314778
236 0.382645 0.107042  0.510313
3935 0.0647086 0.411396  0.523896
3715 0.254995 0.456124  0.288882
369 0.295022 0.348997  0.35598
2379 0.374425 0.244212  0.381363
3862 0.465624 0.303641  0.230735
3951 0.246733 0.314735  0.438533
2979 0.042264 0.380319  0.577417
4507 0.402869 0.185468  0.411663
3562 0.101318 0.156259  0.742423
4495 0.283236 0.373458  0.343306
3509 0.555529 0.155896  0.288575
3149 0.34008 0.160331  0.499589
697 0.130862 0.328566  0.540572
1823 0.240523 0.412519  0.346958
4198 0.435632 0.3228  0.241568
1342 0.137023 0.470287  0.39269
5108 0.306088 0.234628  0.459284
157 0.171559 0.359025  0.469416
614 0.408919 0.430212  0.160869
4057 0.115136 0.321042  0.563823
3891 0.388486 0.125845  0.485669
3463 0.314574 0.557703  0.127723
3608 0.43528 0.478066  0.0866543
1965 0.196696 0.184681  0.618623
668 0.338539 0.191048  0.470413
3461 0.452559 0.0880332  0.459408
724 0.154263 0.486387  0.359349
3951 0.576006 0.238941  0.185053
59 0.118955 0.861966  0.0190786
69 0.402158 0.510227  0.0876145
3879 0.857627 0.0600264  0.0823469
4838 0.0492182 0.876099  0.0746825
3475 0.410078 0.232728  0.357193
884 0.328484 0.379065  0.292451
3906 0.360402 0.159355  0.480242
1303 0.135113 0.559935  0.304953
2196 0.351979 0.370848  0.277173
4749 0.395812 0.386448  0.217739
1695 0.357022 0.2484  0.394578
2382 0.247813 0.28335  0.468837
708 0.69024 0.0924202  0.21734
4337 0.483078 0.13575  0.381171
4796 0.488592 0.41446  0.0969483
3861 0.506655 0.0418653  0.45148
160 0.686127 0.0872809  0.226593
884 0.0628468 0.231672  0.705481
1385 0.232274 0.383081  0.384645
2257 0.362276 0.15801  0.479713
1066 0.400678 0.332236  0.267086
3875 0.423154 0.561102  0.0157444
320 0.316595 0.16662  0.516785
4618 0.0244666 0.745608  0.229926
3883 0.356829 0.42561  0.21756
3914 0.273086 0.417221  0.309694
3796 0.246073 0.0602135  0.693713
291 0.166734 0.300051  0.533215
705 0.595107 0.231087  0.173805
545 0.220624 0.416448  0.362928
2471 0.182633 0.591734  0.225633
1492 0.0424721 0.280587  0.676941
4291 0.321126 0.517615  0.161259
3027 0.296782 0.392475  0.310743
1281 0.464428 0.0847349  0.450837
1596 0.261396 0.594352  0.144253
876 0.151402 0.585391  0.263206
522 0.116541 0.511745  0.371713
3004 0.557116 0.163198  0.279686
3952 0.259198 0.427029  0.313774
511 0.638545 0.238952  0.122502
1535 0.409715 0.215071  0.375214
3597 0.416371 0.278601  0.305029
3450 0.095604 0.388183  0.516213
3974 0.285475 0.173279  0.541245
400 0.318035 0.612701  0.0692636
2260 0.110379 0.465535  0.424086
58 0.119919 0.542429  0.337653
2999 0.340248 0.384063  0.275689
2063 0.461059 0.0627146  0.476227
4337 0.092005 0.421075  0.48692
1383 0.458567 0.213416  0.328017
3483 0.0318186 0.431875  0.536306
1768 0.48981 0.405156  0.105034
723 0.187563 0.415155  0.397282
868 0.187932 0.206045  0.606023
707 0.483349 0.466829  0.0498222
2209 0.539691 0.285411  0.174898
1293 0.47291 0.217358  0.309732
2257 0.242872 0.418574  0.338554
2880 0.567628 0.284728  0.147643
2232 0.230836 0.53529  0.233874
227 0.709628 0.209246  0.0811257
2234 0.121475 0.436048  0.442477
2246 0.298 0.376393  0.325607
2381 0.502354 0.121547  0.376099
4006 0.510161 0.256345  0.233494
423 0.62017 0.348302  0.0315283
2473 0.091331 0.477048  0.431621
1781 0.320805 0.0374734  0.641722
2380 0.558191 0.232387  0.209422
2791 0.375393 0.198295  0.426312
3915 0.265717 0.577765  0.156518
161 0.0952036 0.478988  0.425808
3880 0.37348 0.233395  0.393124
718 0.444118 0.254347  0.301535
861 0.287391 0.32764  0.384969
702 0.239461 0.57618  0.184359
985 0.239576 0.314677  0.445747
595 0.358793 0.0526046  0.588603
2483 0.152481 0.254194  0.593325
2469 0.654533 0.0781959  0.267271
2511 0.172572 0.652704  0.174724
4697 0.236749 0.449312  0.313939
697 0.700532 0.151905  0.147562
1531 0.348948 0.230057  0.420995
3894 0.428334 0.322828  0.248837
1384 0.526959 0.4389  0.0341404
2984 0.222955 0.398499  0.378546
2891 0.1007 0.562539  0.336761
146 0.563861 0.0858623  0.350276
3481 0.194099 0.297966  0.507935
113 0.220138 0.354246  0.425617
2987 0.547074 0.38617  0.066756
1384 0.41658 0.537395  0.046025
509 0.322037 0.292662  0.385301
864 0.231117 0.527606  0.241277
3466 0.288023 0.438955  0.273022
2542 0.63158 0.259765  0.108655
4408 0.70518 0.0406201  0.2542
7 0.213398 0.428901  0.3577
3862 0.274484 0.361385  0.364131
3522 0.0153938 0.493764  0.490842
147 0.329102 0.265757  0.405141
287 0.283814 0.525296  0.19089
879 0.272257 0.550161  0.177582
1298 0.643713 0.0409914  0.315296
3906 0.287633 0.230562  0.481806
1825 0.267917 0.203551  0.528532
3481 0.3936 0.460955  0.145445
3440 0.317326 0.33544  0.347234
3022 0.21558 0.569197  0.215223
707 0.219908 0.387778  0.392314
1426 0.619859 0.256677  0.123464
4976 0.279614 0.373052  0.347334
3823 0.249148 0.469546  0.281306
4539 0.210378 0.45744  0.332182
889 0.238184 0.232398  0.529418
4052 0.145819 0.497046  0.357135
3006 0.425831 0.152564  0.421605
367 0.0519887 0.0427628  0.905248
718 0.327049 0.113643  0.559308
3616 0.598573 0.375654  0.0257739
3871 0.375345 0.00899247  0.615663
3594 0.491881 0.0228084  0.485311
2204 0.180255 0.553925  0.26582
649 0.156121 0.282095  0.561784
560 0.526318 0.340602  0.133081
1363 0.273976 0.40441  0.321614
3484 0.11858 0.444193  0.437227
1673 0.432423 0.19975  0.367827
4581 0.364449 0.557595  0.0779561
3002 0.548373 0.287993  0.163634
661 0.130006 0.452441  0.417552
1823 0.409784 0.0638837  0.526333
670 0.118836 0.578773  0.302391
5015 0.386421 0.48757  0.126009
2209 0.377916 0.157705  0.464379
3851 0.464805 0.176482  0.358713
3854 0.300994 0.310346  0.388661
146 0.283163 0.425117  0.29172
1158 0.388642 0.419707  0.191652
3994 0.288945 0.320023  0.391032
1824 0.21559 0.0620236  0.722386
579 0.558099 0.30938  0.132521
3450 0.604195 0.179554  0.21625
3929 0.270085 0.242042  0.487873
3968 0.373415 0.298651  0.327933
3817 0.430599 0.0459982  0.523403
1490 0.497465 0.248197  0.254339
67 0.0848965 0.582208  0.332895
901 0.293731 0.484043  0.222227
4748 0.351319 0.37404  0.274641
2776 0.25192 0.401023  0.347057
1489 0.328648 0.460689  0.210663
717 0.364397 0.317289  0.318315
124 0.484764 0.0838686  0.431368
1551 0.127288 0.44745  0.425262
1816 0.526588 0.212153  0.261259
161 0.365993 0.429216  0.204791
2500 0.239595 0.424087  0.336318
4005 0.408036 0.432233  0.159731
1085 0.400623 0.453954  0.145423
2467 0.137113 0.47456  0.388326
124 0.120189 0.54967  0.330141
2766 0.529584 0.345223  0.125193
852 0.264465 0.376534  0.359001
3452 0.173523 0.626561  0.199916
3989 0.486897 0.131715  0.381388
3836 0.315626 0.315748  0.368625
2280 0.236931 0.245566  0.517503
373 0.343179 0.321368  0.335454
1550 0.491093 0.45827  0.050637
2879 0.532485 0.294533  0.172981
4002 0.483441 0.18554  0.331019
1695 0.217357 0.465551  0.317093
1698 0.36637 0.330777  0.302853
2329 0.113412 0.627525  0.259064
2493 0.172338 0.325458  0.502205
0 0.172199 0.267917  0.559884
3218 0.397619 0.128601  0.47378
1113 0.486579 0.0953576  0.418064
3570 0.234717 0.215455  0.549829
2111 0.597322 0.0359062  0.366771
1281 0.0588103 0.43181  0.50938
2255 0.450563 0.451659  0.0977787
4006 0.500163 0.385672  0.114165
2875 0.163875 0.200314  0.635811
1347 0.461766 0.267397  0.270837
481 0.323067 0.411053  0.26588
3938 0.51714 0.380583  0.102276
5079 0.0177593 0.536772  0.445469
3535 0.249823 0.302336  0.447841
1558 0.167209 0.37518  0.457611
703 0.429863 0.0990871  0.47105
4056 0.0653988 0.420058  0.514543
4186 0.129186 0.287235  0.583579
3166 0.44507 0.320918  0.234012
779 0.347582 0.330805  0.321614
1383 0.14535 0.69947  0.155179
1865 0.0214453 0.472576  0.505979
2697 0.369866 0.233065  0.39707
3893 0.224187 0.475745  0.300068
2250 0.168922 0.356437  0.474642
1548 0.191364 0.53433  0.274306
4127 0.355743 0.100988  0.543269
4588 0.323953 0.464289  0.211759
2300 0.324888 0.374933  0.30018
1952 0.329002 0.512972  0.158026
76 0.3388 0.419431  0.241769
2380 0.287231 0.543626  0.169143
1542 0.111221 0.0819757  0.806803
1556 0.128511 0.403428  0.468061
4654 0.182111 0.169019  0.64887
270 0.331503 0.335232  0.333265
3366 0.67953 0.185024  0.135445
4698 0.337449 0.248942  0.413609
3018 0.26406 0.287039  0.448901
2879 0.381741 0.155881  0.462378
4176 0.350753 0.260176  0.389071
2454 0.226916 0.340292  0.432792
3846 0.402979 0.494928  0.102093
3879 0.269463 0.316177  0.41436
2129 0.378313 0.307063  0.314624
579 0.238007 0.584443  0.17755
3024 0.373588 0.140669  0.485743
1381 0.532106 0.179215  0.288679
1836 0.533541 0.411163  0.0552966
1815 0.39349 0.553496  0.0530139
701 0.191731 0.455938  0.352331
3753 0.421832 0.18516  0.393008
4791 0.301883 0.407917  0.290201
3456 0.130004 0.570332  0.299664
4430 0.147274 0.315759  0.536967
1703 0.124072 0.451916  0.424012
482 0.411839 0.0782018  0.509959
960 0.292895 0.130085  0.57702
2649 0.453153 0.0214047  0.525442
3892 0.0219695 0.682641  0.295389
1946 0.542879 0.201421  0.2557
3836 0.783029 0.0761017  0.140869
707 0.337782 0.468815  0.193403
3463 0.357032 0.348805  0.294163
782 0.327841 0.38943  0.282729
2257 0.26336 0.195763  0.540877
2005 0.583172 0.289162  0.127666
2236 0.0293503 0.179559  0.791091
2056 0.554658 0.232336  0.213005
1801 0.524896 0.420773  0.0543309
3490 0.524444 0.4463  0.0292559
1329 0.608335 0.105802  0.285863
5119 0.304049 0.367596  0.328354
2198 0.0540891 0.815407  0.130503
1808 0.463251 0.347499  0.18925
705 0.382435 0.0371951  0.58037
3923 0.376558 0.30386  0.319582
1807 0.107015 0.333734  0.55925
3852 0.437659 0.283896  0.278445
2009 0.433643 0.22237  0.343987
3093 0.462505 0.0398035  0.497692
151 0.332555 0.0257231  0.641722
3018 0.349852 0.390009  0.260139
552 0.189705 0.438304  0.371991
709 0.120335 0.381894  0.497771
4679 0.087814 0.508118  0.404068
4739 0.287299 0.402081  0.31062
2979 0.219093 0.57792  0.202987
2885 0.38888 0.552224  0.0588958
3445 0.423866 0.326391  0.249743
2888 0.0101049 0.78547  0.204425
367 0.25444 0.17227  0.573291
1385 0.620233 0.258931  0.120836
1380 0.515393 0.0285878  0.456019
4131 0.312038 0.242247  0.445715
3947 0.498679 0.416594  0.0847269
4274 0.109967 0.499561  0.390473
97 0.247968 0.464656  0.287376
1510 0.22218 0.553278  0.224542
1309 0.177447 0.581486  0.241067
3434 0.370756 0.470435  0.158808
1284 0.596557 0.15996  0.243483
334 0.193542 0.238418  0.56804
1280 0.684656 0.248375  0.0669691
1158 0.439851 0.287099  0.27305
4115 0.371937 0.582417  0.045646
2536 0.250894 0.517565  0.231541
3249 0.361338 0.273865  0.364798
3550 0.343183 0.367346  0.289471
160 0.367345 0.236548  0.396107
3950 0.196799 0.449842  0.353359
535 0.0589739 0.481422  0.459604
3891 0.256191 0.0301896  0.713619
2260 0.499075 0.454646  0.0462784
2235 0.282519 0.287774  0.429708
1986 0.259548 0.517795  0.222657
1537 0.304423 0.495792  0.199785
2376 0.425434 0.107329  0.467237
716 0.277274 0.422429  0.300297
2881 0.508687 0.249248  0.242065
2209 0.0150924 0.323629  0.661278
269 0.463495 0.0719916  0.464514
3825 0.0909442 0.427601  0.481455
1947 0.476972 0.163778  0.35925
2763 0.111401 0.622194  0.266405
364 0.067435 0.152034  0.780531
1552 0.182215 0.793162  0.0246223
2891 0.547997 0.366702  0.0853011
3024 0.478884 0.379854  0.141262
2385 0.0945786 0.521948  0.383473
5013 0.35006 0.613618  0.0363223
291 0.13776 0.419722  0.442518
275 0.551663 0.151217  0.29712
1350 0.587235 0.231022  0.181743
1747 0.153852 0.0231633  0.822985
1560 0.146656 0.542971  0.310374
2657 0.761525 0.0356051  0.202869
720 0.335943 0.377088  0.286969
2649 0.38985 0.281877  0.328274
2059 0.554454 0.0375275  0.408019
969 0.227088 0.384678  0.388233
3974 0.11754 0.322912  0.559549
3524 0.209256 0.0175826  0.773162
844 0.212198 0.327581  0.46022
712 0.226573 0.430678  0.342749
1902 0.421127 0.212395  0.366479
1695 0.430675 0.331856  0.237469
160 0.425147 0.103543  0.471311
3719 0.490873 0.286448  0.222679
27 0.0745862 0.370921  0.554493
1896 0.0443497 0.65136  0.304291
4741 0.206742 0.335964  0.457294
351 0.465693 0.160375  0.373932
3447 0.186552 0.649999  0.16345
1695 0.160481 0.231491  0.608027
3482 0.168695 0.624233  0.207072
3463 0.478433 0.40471  0.116856
1279 0.22783 0.515644  0.256527
698 0.494598 0.0420835  0.463318
3816 0.473422 0.452771  0.0738068
4340 0.0465731 0.718451  0.234976
707 0.119979 0.517559  0.362463
705 0.49812 0.299577  0.202303
3805 0.143957 0.343346  0.512697
1811 0.320439 0.413784  0.265776
698 0.248616 0.710095  0.041289
2512 0.273557 0.358252  0.368191
695 0.477779 0.193099  0.329122
153 0.0639596 0.423604  0.512436
46 0.394618 0.203961  0.401421
4697 0.436104 0.229586  0.33431
4005 0.343943 0.526623  0.129434
3914 0.294456 0.207548  0.497995
123 0.140597 0.247247  0.612156
151 0.235258 0.640581  0.12416
3522 0.028092 0.476549  0.495359
3879 0.182925 0.170748  0.646327
108 0.255015 0.474893  0.270092
1833 0.193932 0.4049  0.401168
347 0.63666 0.282107  0.0812329
2517 0.575496 0.0599152  0.364589
272 0.144377 0.316324  0.539299
2993 0.386353 0.0168468  0.596801
2246 0.554139 0.0571941  0.388667
2723 0.019927 0.546237  0.433836
892 0.39573 0.452532  0.151738
3014 0.470862 0.343443  0.185696
3547 0.432121 0.12775  0.440128
343 0.0937948 0.525812  0.380393
3910 0.41058 0.285755  0.303665
3466 0.443918 0.307193  0.248889
4007 0.0499676 0.666046  0.283987
3487 0.348207 0.391283  0.26051
2232 0.842203 0.0423168  0.11548
3008 0.474701 0.0727827  0.452516
274 0.613689 0.185265  0.201046
2249 0.446145 0.0703901  0.483465
4827 0.277107 0.545203  0.17769
2496 0.583283 0.384144  0.0325734
2254 0.254662 0.610308  0.13503
3901 0.325947 0.0748608  0.599192
770 0.42462 0.121947  0.453432
2229 0.235138 0.421001  0.34386
2397 0.415084 0.271986  0.312929
2043 0.142016 0.445426  0.412558
1527 0.401645 0.387677  0.210678
3490 0.49629 0.0928761  0.410834
3021 0.563062 0.385635  0.051303
3454 0.162445 0.606361  0.231194
1290 0.47235 0.273013  0.254637
3021 0.381047 0.518096  0.100858
1807 0.193641 0.275232  0.531127
5084 0.491516 0.234444  0.27404
790 0.0287303 0.630503  0.340767
3330 0.0270336 0.0195085  0.953458
4515 0.330763 0.464053  0.205184
1381 0.40061 0.383548  0.215842
3873 0.266793 0.292398  0.44081
118 0.135577 0.622753  0.24167
47 0.445214 0.496933  0.0578529
2991 0.222741 0.444383  0.332875
1420 0.375001 0.46991  0.15509
3446 0.500257 0.173025  0.326718
1292 0.207697 0.527592  0.264711
355 0.543328 0.317093  0.139579
489 0.482533 0.239428  0.278039
721 0.425568 0.320937  0.253495
2868 0.39709 0.133974  0.468936
4938 0.462439 0.0694257  0.468135
2611 0.496088 0.11474  0.389172
146 0.398738 0.254049  0.347213
2237 0.348039 0.358044  0.293917
3971 0.115422 0.409226  0.475352
3018 0.231824 0.508748  0.259428
2447 0.527114 0.313684  0.159203
2494 0.460606 0.352068  0.187326
3466 0.0497253 0.466166  0.484108
2802 0.331558 0.184322  0.484119
529 0.224552 0.315327  0.460122
3316 0.20216 0.0879161  0.709924
716 0.236609 0.364075  0.399316
330 0.186154 0.185076  0.62877
14 0.37877 0.239563  0.381667
4007 0.200109 0.449628  0.350263
3851 0.135929 0.461263  0.402808
867 0.414773 0.332758  0.252468
355 0.335918 0.346244  0.317838
4391 0.351146 0.389497  0.259357
3967 0.201069 0.180148  0.618783
2520 0.433242 0.17665  0.390108
3004 0.0883806 0.704935  0.206684
1296 0.155654 0.498429  0.345917
3426 0.425971 0.162239  0.41179
3024 0.297464 0.42596  0.276576
3906 0.424458 0.397268  0.178274
1084 0.285806 0.414668  0.299526
3967 0.331334 0.402941  0.265725
2988 0.440353 0.0630276  0.496619
1282 0.413042 0.377059  0.2099
891 0.26255 0.380248  0.357201
1151 0.290932 0.343428  0.36564
2846 0.542341 0.240576  0.217083
1558 0.328076 0.452244  0.21968
4451 0.527688 0.0767531  0.395559
3183 0.453684 0.265509  0.280807
3852 0.339234 0.166071  0.494695
1425 0.0892486 0.363934  0.546817
3460 0.2743 0.225992  0.499708
1846 0.207464 0.23053  0.562006
3978 0.411541 0.475987  0.112471
1977 0.0536577 0.290257  0.656085
4032 0.4211 0.283073  0.295827
3924 0.281439 0.191495  0.527067
3458 0.48498 0.12472  0.390301
4660 0.217617 0.204961  0.577422
509 0.27316 0.172682  0.554158
2867 0.115022 0.355276  0.529702
2615 0.00960848 0.239656  0.750736
3851 0.277971 0.26518  0.456849
3466 0.176953 0.409373  0.413674
4149 0.552026 0.0839956  0.363978
2476 0.302873 0.308938  0.388189
531 0.27899 0.411795  0.309215
3692 0.420052 0.423231  0.156717
3898 0.475349 0.412255  0.112396
3939 0.324382 0.449239  0.226378
3879 0.0805905 0.365076  0.554333
3013 0.354959 0.494611  0.15043
3436 0.20268 0.559134  0.238186
1541 0.131565 0.286141  0.582294
3911 0.16727 0.41465  0.41808
2340 0.544481 0.116494  0.339025
3972 0.37147 0.259864  0.368666
5104 0.586822 0.134552  0.278626
95 0.377602 0.451158  0.17124
3764 0.250756 0.384224  0.36502
153 0.312686 0.662337  0.0249768
3969 0.500025 0.485439  0.0145362
2250 0.0593742 0.193573  0.747053
2195 0.230904 0.411679  0.357417
2990 0.507252 0.389823  0.102925
4192 0.307544 0.252462  0.439994
2991 0.438024 0.440557  0.121419
4495 0.179941 0.587188  0.232871
2249 0.173434 0.167374  0.659192
4986 0.224843 0.496629  0.278528
1907 0.487144 0.318616  0.19424
353 0.376149 0.47696  0.14689
3426 0.428302 0.332225  0.239473
2479 0.269713 0.465915  0.264372
119 0.0621855 0.586126  0.351689
3303 0.110601 0.420554  0.468846
3480 0.376532 0.0381396  0.585328
1340 0.15069 0.606291  0.24302
2487 0.494457 0.116377  0.389165
2512 0.280608 0.363291  0.356101
2917 0.52924 0.232316  0.238443
363 0.410152 0.114406  0.475442
4806 0.359824 0.308441  0.331735
4019 0.634621 0.301787  0.0635922
2489 0.246167 0.390406  0.363426
3883 0.107241 0.493309  0.39945
715 0.315631 0.255983  0.428386
3023 0.484884 0.242349  0.272768
3470 0.254114 0.315593  0.430293
1402 0.250203 0.130859  0.618938
3851 0.349038 0.310469  0.340493
4969 0.285626 0.438565  0.275809
4976 0.179845 0.490685  0.32947
358 0.243864 0.229201  0.526935
3851 0.314084 0.350123  0.335793
3977 0.402607 0.23561  0.361783
4178 0.18654 0.22165  0.59181
693 0.332471 0.59618  0.0713492
1661 0.321112 0.203403  0.475485
856 0.742346 0.202022  0.0556319
2415 0.33724 0.335671  0.327089
2995 0.101095 0.52159  0.377315
1560 0.145715 0.462667  0.391618
3997 0.202999 0.151788  0.645213
354 0.26275 0.148344  0.588906
2490 0.60759 0.312501  0.0799091
4131 0.445478 0.0138967  0.540626
2931 0.366053 0.329341  0.304606
716 0.174508 0.438992  0.386499
378 0.302717 0.482658  0.214625
3963 0.191189 0.713109  0.0957025
2896 0.584526 0.172745  0.242729
896 0.427902 0.281159  0.290939
4499 0.275663 0.136118  0.588218
347 0.0792524 0.494019  0.426729
2474 0.104043 0.448097  0.44786
2884 0.43331 0.288396  0.278294
1280 0.286157 0.549646  0.164197
2470 0.564382 0.0521991  0.383419
703 0.108713 0.227896  0.66339
2517 0.173443 0.410495  0.416062
3421 0.164331 0.39987  0.435799
1545 0.423907 0.106846  0.469247
713 0.469725 0.435481  0.0947939
2201 0.510761 0.0794641  0.409775
5061 0.270374 0.152669  0.576957
718 0.314045 0.288775  0.39718
2636 0.0212736 0.586898  0.391829
86 0.502523 0.0609887  0.436488
509 0.06575 0.677922  0.256328
2502 0.425938 0.136451  0.437611
709 0.427548 0.34247  0.229982
347 0.248498 0.43699  0.314511
2200 0.263969 0.0659304  0.670101
3489 0.130124 0.47687  0.393006
3991 0.508213 0.0917029  0.400084
251 0.397129 0.0460314  0.556839
2232 0.675637 0.0615374  0.262825
2468 0.439797 0.0536832  0.50652
4218 0.321488 0.309189  0.369323
1814 0.406812 0.373047  0.220141
719 0.161486 0.476255  0.362259
941 0.366684 0.595906  0.0374096
1688 0.187907 0.366788  0.445305
2489 0.195623 0.41774  0.386636
3836 0.47451 0.356487  0.169004
712 0.575251 0.0957671  0.328982
162 0.347954 0.233512  0.418534
597 0.0333577 0.398351  0.568292
2468 0.403168 0.294758  0.302074
4535 0.230282 0.32885  0.440869
3871 0.0763775 0.323239  0.600384
3822 0.527365 0.0710974  0.401538
2470 0.160827 0.524932  0.314242
3910 0.317277 0.48299  0.199733
3442 0.484616 0.413273  0.102111
4546 0.269238 0.0174381  0.713324
3604 0.0451905 0.434679  0.520131
694 0.0914649 0.133543  0.774992
1440 0.787763 0.0671493  0.145088
2465 0.170623 0.262202  0.567175
3872 0.239078 0.51844  0.242482
867 0.0354077 0.620298  0.344295
3466 0.146448 0.39058  0.462972
3663 0.386894 0.525473  0.0876327
3440 0.488886 0.219693  0.291421
1634 0.137319 0.342832  0.519849
4424 0.0594502 0.784982  0.155568
5083 0.034259 0.859371  0.10637
3957 0.302554 0.43373  0.263716
1448 0.22182 0.28491  0.49327
305 0.214657 0.770464  0.0148797
2982 0.398474 0.266587  0.334939
4267 0.277587 0.469594  0.252819
889 0.430777 0.375351  0.193872
3692 0.102709 0.15205  0.74524
2879 0.36756 0.221717  0.410723
146 0.288413 0.456845  0.254741
1281 0.365782 0.47448  0.159738
3491 0.100883 0.475147  0.42397
725 0.262287 0.261613  0.476101
2473 0.271777 0.289794  0.438429
1298 0.31876 0.24957  0.43167
595 0.13379 0.636066  0.230145
2473 0.422138 0.275653  0.302208
1884 0.450315 0.439099  0.110586
699 0.0253264 0.425737  0.548937
152 0.419511 0.0155982  0.56489
3060 0.33517 0.294142  0.370688
2204 0.366251 0.311508  0.322241
3976 0.183006 0.0755848  0.741409
3711 0.646941 0.324785  0.0282736
3090 0.548003 0.0878161  0.364181
3980 0.0933264 0.342751  0.563923
1789 0.15572 0.120572  0.723709
2129 0.473889 0.397778  0.128333
1097 0.428772 0.502472  0.0687557
1800 0.541551 0.202772  0.255677
1540 0.199929 0.284502  0.51557
3476 0.511918 0.0460792  0.442003
851 0.225241 0.450085  0.324674
1828 0.0332873 0.287743  0.67897
935 0.163592 0.176555  0.659853
3023 0.327973 0.218797  0.45323
4775 0.128318 0.526123  0.345559
1780 0.489646 0.0949364  0.415418
4410 0.254408 0.266179  0.479413
3489 0.650703 0.0358482  0.313449
2999 0.483498 0.465762  0.0507398
1718 0.197747 0.283115  0.519138
874 0.646755 0.0827585  0.270486
2765 0.37876 0.165341  0.455899
1478 0.15711 0.657552  0.185339
2876 0.486314 0.362935  0.150751
2765 0.148708 0.495114  0.356177
2670 0.342152 0.256957  0.400891
4387 0.343361 0.0341398  0.622499
3315 0.159408 0.414915  0.425677
941 0.0231966 0.841266  0.135537
179 0.249172 0.504618  0.246211
3952 0.462105 0.0566469  0.481248
952 0.56851 0.230643  0.200847
4007 0.306879 0.439413  0.253708
3103 0.100943 0.715176  0.183881
1505 0.19631 0.378724  0.424967
4265 0.0221333 0.542103  0.435763
3025 0.159563 0.265626  0.574811
3475 0.334607 0.498721  0.166672
711 0.192173 0.183318  0.62451
2199 0.174017 0.502664  0.323319
711 0.45798 0.452195  0.0898248
159 0.458251 0.441286  0.100464
2999 0.305554 0.322114  0.372331
3863 0.124359 0.375872  0.499769
1649 0.499276 0.296078  0.204646
3820 0.377278 0.182074  0.440649
1194 0.679704 0.0215141  0.298782
1072 0.03765 0.551828  0.410522
3595 0.343682 0.318746  0.337571
1543 0.626151 0.10868  0.265169
3466 0.170594 0.523404  0.306002
325 0.474174 0.0266345  0.499192
2199 0.468662 0.08234  0.448998
2648 0.813458 0.0371378  0.149404
2156 0.21768 0.352375  0.429945
3080 0.232907 0.144328  0.622764
661 0.453422 0.201116  0.345461
3702 0.460873 0.496101  0.0430263
2376 0.366667 0.263052  0.370281
2692 0.419812 0.43734  0.142848
502 0.154475 0.55813  0.287395
996 0.48608 0.381443  0.132477
5001 0.316468 0.421884  0.261648
3876 0.279468 0.495444  0.225088
3883 0.467581 0.460981  0.0714383
4372 0.246321 0.356309  0.39737
2452 0.150097 0.368381  0.481522
3666 0.324654 0.422836  0.25251
772 0.32146 0.0985432  0.579997
1800 0.309329 0.459102  0.231569
4141 0.400866 0.0795986  0.519535
365 0.285108 0.275689  0.439203
2229 0.262604 0.457035  0.280361
269 0.195534 0.369016  0.43545
3458 0.442085 0.245236  0.312679
2822 0.271638 0.304613  0.423749
2888 0.205643 0.597248  0.197109
2172 0.282778 0.147523  0.569699
3008 0.432357 0.115132  0.452511
2215 0.462348 0.198295  0.339357
58 0.0664144 0.339371  0.594215
4874 0.328528 0.330911  0.340561
2956 0.0627254 0.634202  0.303073
1807 0.185166 0.40391  0.410924
3443 0.365947 0.328954  0.305099
543 0.188816 0.464995  0.346189
2938 0.356702 0.51994  0.123358
2905 0.319286 0.160166  0.520548
1274 0.305182 0.0903111  0.604507
17 0.202854 0.685935  0.111212
1503 0.15574 0.814334  0.0299254
2213 0.314153 0.280106  0.405741
3016 0.539402 0.0697671  0.390831
0 0.313897 0.334713  0.35139
908 0.413619 0.440149  0.146232
2985 0.06852 0.701078  0.230402
722 0.485797 0.423084  0.0911197
855 0.602895 0.167274  0.229832
1541 0.274872 0.269642  0.455486
3485 0.0673428 0.499739  0.432918
1693 0.117587 0.5703  0.312113
2510 0.140321 0.428731  0.430948
2209 0.492202 0.181685  0.326113
711 0.190835 0.48836  0.320805
2705 0.211471 0.233436  0.555093
2988 0.318448 0.41146  0.270093
570 0.631006 0.0870297  0.281965
3962 0.361168 0.243644  0.395189
2998 0.32273 0.262043  0.415228
2567 0.121568 0.685245  0.193187
2518 0.23376 0.520074  0.246165
867 0.392323 0.175769  0.431908
3912 0.579418 0.0264999  0.394082
4711 0.338151 0.530581  0.131268
2204 0.619322 0.0350028  0.345675
2856 0.434442 0.262718  0.302839
4068 0.264862 0.240391  0.494747
1736 0.451217 0.376951  0.171832
3836 0.337822 0.120903  0.541275
2163 0.339683 0.234373  0.425944
4007 0.0163072 0.127577  0.856116
1323 0.355992 0.614012  0.0299955
1287 0.0482819 0.63046  0.321258
885 0.46729 0.269429  0.263281
891 0.597418 0.221568  0.181015
5079 0.436287 0.174658  0.389055
1828 0.493375 0.359806  0.146819
5042 0.160001 0.4508  0.389199
705 0.623471 0.252711  0.123818
3959 0.628857 0.349006  0.0221377
3459 0.498999 0.199828  0.301173
5068 0.324895 0.398998  0.276106
2540 0.139696 0.317192  0.543112
821 0.446775 0.051216  0.502009
4054 0.410304 0.23023  0.359466
965 0.258229 0.186574  0.555197
2593 0.383338 0.228305  0.388357
2274 0.151766 0.366966  0.481268
2884 0.0667218 0.755616  0.177663
390 0.190975 0.350522  0.458502
2847 0.235281 0.465536  0.299183
2480 0.468956 0.449907  0.0811365
1789 0.156598 0.254869  0.588533
2204 0.0786403 0.394189  0.52717
4982 0.194425 0.224624  0.580952
2506 0.461721 0.374817  0.163462
2978 0.284878 0.273433  0.441689
2243 0.383692 0.369466  0.246842
4456 0.344674 0.364648  0.290679
896 0.092912 0.6301  0.276988
3337 0.352664 0.263475  0.38386
3021 0.358355 0.492409  0.149236
3007 0.3786 0.436044  0.185355
3392 0.48616 0.308222  0.205617
2978 0.250638 0.64803  0.101332
2509 0.0335847 0.581934  0.384482
3021 0.688765 0.294139  0.0170962
1739 0.679228 0.250298  0.0704735
3269 0.355239 0.261153  0.383608
3441 0.116953 0.158512  0.724536
2246 0.454411 0.0974413  0.448148
2890 0.180934 0.532427  0.286639
879 0.309687 0.0393665  0.650946
3568 0.494639 0.393781  0.11158
4909 0.301414 0.220657  0.477929
2132 0.498993 0.109835  0.391173
3031 0.509242 0.292286  0.198472
146 0.365634 0.560328  0.0740377
3920 0.106004 0.452706  0.44129
3012 0.6304 0.275589  0.0940116
2761 0.355538 0.293226  0.351236
4992 0.415727 0.0841541  0.500118
3885 0.613668 0.0567888  0.329543
1435 0.82625 0.0392766  0.134474
1532 0.38302 0.364487  0.252492
4496 0.245773 0.204041  0.550186
2504 0.158438 0.426295  0.415267
724 0.414079 0.0803959  0.505525
2468 0.336623 0.417858  0.245519
2468 0.279708 0.35081  0.369482
1558 0.346351 0.460486  0.193163
3995 0.446666 0.121249  0.432085
1785 0.413555 0.396767  0.189678
2517 0.311634 0.457872  0.230494
905 0.54908 0.430905  0.0200157
3448 0.376415 0.201948  0.421637
3628 0.56904 0.322959  0.108002
159 0.25522 0.278436  0.466343
3912 0.250474 0.344942  0.404584
4918 0.0900672 0.548156  0.361777
2247 0.264322 0.396205  0.339472
4639 0.523182 0.255159  0.221659
4943 0.316453 0.161101  0.522446
1804 0.264014 0.351082  0.384904
3487 0.0475357 0.441222  0.511242
2944 0.449968 0.0580498  0.491983
2478 0.586189 0.204416  0.209395
2952 0.328797 0.285873  0.385329
3846 0.117716 0.4406  0.441684
3426 0.314245 0.138414  0.547341
529 0.372143 0.301571  0.326286
2990 0.0769126 0.30281  0.620277
704 0.0667803 0.583618  0.349601
4819 0.0981211 0.841649  0.06023
3883 0.350059 0.244669  0.405272
3855 0.338473 0.292807  0.36872
509 0.329952 0.477182  0.192866
3850 0.0704958 0.669599  0.259905
3028 0.338046 0.528885  0.133069
160 0.140119 0.459846  0.400035
1327 0.304687 0.362321  0.332991
856 0.49237 0.213002  0.294628
360 0.319212 0.396446  0.284342
351 0.45916 0.202471  0.33837
965 0.00800247 0.457779  0.534219
1817 0.308843 0.544859  0.146297
2982 0.345293 0.434095  0.220611
2202 0.423326 0.231267  0.345407
717 0.263157 0.318424  0.41842
3830 0.2237 0.609435  0.166864
3454 0.0323835 0.379042  0.588574
3914 0.0550722 0.616496  0.328432
157 0.124412 0.533857  0.341731
4516 0.109507 0.198736  0.691757
3466 0.168281 0.0974774  0.734241
4843 0.413376 0.195547  0.391078
2049 0.387094 0.394278  0.218628
3484 0.224514 0.00814767  0.767338
1336 0.278976 0.180162  0.540862
3607 0.597154 0.291615  0.111231
718 0.170194 0.420348  0.409458
4931 0.264096 0.716548  0.0193562
4679 0.395639 0.348794  0.255567
3452 0.414733 0.151784  0.433483
3857 0.36836 0.497664  0.133977
2249 0.46748 0.385275  0.147245
3864 0.224204 0.32204  0.453756
706 0.598574 0.340564  0.0608621
3939 0.568062 0.0263532  0.405584
2568 0.38111 0.2189  0.399991
2498 0.543318 0.387523  0.0691586
490 0.186386 0.41795  0.395664
3235 0.131487 0.382438  0.486075
1556 0.536588 0.148293  0.315119
2523 0.107939 0.160729  0.731332
870 0.254155 0.349605  0.396241
3451 0.310264 0.365174  0.324561
3845 0.58283 0.389201  0.0279684
2545 0.651939 0.149339  0.198722
4210 0.743278 0.0184085  0.238313
5029 0.277178 0.30414  0.418682
1753 0.601402 0.0899787  0.308619
3823 0.371825 0.216563  0.411612
1264 0.134509 0.528757  0.336733
2431 0.168092 0.483684  0.348225
4193 0.502061 0.0299207  0.468019
1992 0.397864 0.237874  0.364262
723 0.547387 0.0512472  0.401366
1278 0.241646 0.478644  0.279711
1555 0.440355 0.147534  0.412111
3123 0.451454 0.27716  0.271386
3894 0.0978694 0.416433  0.485698
4763 0.140375 0.492766  0.366859
3445 0.338692 0.368644  0.292664
3536 0.0595754 0.695669  0.244755
1283 0.447002 0.262876  0.290122
552 0.270757 0.424003  0.30524
209 0.565025 0.183318  0.251657
3025 0.0621581 0.449229  0.488612
4003 0.0956814 0.345465  0.558853
3575 0.289866 0.392713  0.31742
2315 0.0959562 0.493036  0.411008
4555 0.432541 0.168195  0.399264
2376 0.842236 0.144335  0.0134294
3490 0.032018 0.55975  0.408232
901 0.133767 0.771389  0.0948438
5086 0.493619 0.0145462  0.491834
3606 0.734389 0.0467313  0.218879
5052 0.53612 0.389457  0.0744236
75 0.391034 0.303102  0.305865
2224 0.2911 0.393511  0.31539
2233 0.0291935 0.503188  0.467618
4543 0.260114 0.373746  0.366139
1022 0.55785 0.430299  0.0118517
730 0.404139 0.301466  0.294395
528 0.407173 0.335107  0.257721
1681 0.370256 0.530967  0.0987765
2875 0.559532 0.324751  0.115718
1941 0.246385 0.632768  0.120848
4994 0.312189 0.431693  0.256119
276 0.210285 0.511875  0.277841
3455 0.480573 0.313627  0.2058
4365 0.43969 0.139786  0.420524
4384 0.276704 0.169808  0.553488
3024 0.297833 0.519672  0.182495
3831 0.33681 0.139493  0.523697
1834 0.717131 0.172036  0.110833
15 0.200024 0.497655  0.302321
3013 0.369269 0.478884  0.151847
4405 0.574991 0.179839  0.24517
2734 0.400026 0.491098  0.108876
1971 0.580567 0.261497  0.157936
3989 0.188997 0.359539  0.451464
4759 0.377223 0.34023  0.282547
1383 0.170305 0.427721  0.401975
3270 0.46762 0.151494  0.380886
3452 0.177962 0.3517  0.470338
166 0.241713 0.389036  0.369251
3148 0.512997 0.0416877  0.445315
2808 0.341569 0.385592  0.272839
4457 0.385231 0.495683  0.119086
475 0.759896 0.0213224  0.218782
699 0.26766 0.357494  0.374846
3463 0.334047 0.46372  0.202233
351 0.108355 0.4881  0.403546
319 0.143699 0.582627  0.273674
890 0.186023 0.699054  0.114923
1301 0.429718 0.0281832  0.542099
2250 0.163347 0.0113695  0.825283
1345 0.356005 0.265771  0.378225
