6800 0.0457123 0.577022  0.377265
2957 0.231897 0.24233  0.525773
1937 0.489195 0.104938  0.405866
11268 0.551485 0.302945  0.14557
7716 0.151152 0.204996  0.643852
6882 0.507612 0.286555  0.205833
7029 0.212603 0.430247  0.35715
2262 0.0730582 0.552233  0.374708
7175 0.237433 0.400458  0.362109
10104 0.464486 0.315686  0.219828
9047 0.481511 0.321557  0.196932
8953 0.300397 0.620397  0.0792063
12016 0.217706 0.367537  0.414757
11945 0.528317 0.0109029  0.46078
4657 0.0137526 0.603467  0.38278
5247 0.0600087 0.388731  0.55126
9736 0.257051 0.539296  0.203654
11228 0.679258 0.222989  0.0977529
10523 0.50133 0.117384  0.381285
8835 0.167991 0.221831  0.610178
3026 0.2592 0.47968  0.26112
2100 0.282136 0.544229  0.173635
9112 0.0983664 0.26412  0.637514
9814 0.30886 0.135908  0.555232
7501 0.22175 0.238567  0.539683
10003 0.351787 0.209173  0.439041
11609 0.20634 0.205771  0.587889
11135 0.55661 0.170849  0.272541
11128 0.35591 0.333608  0.310481
3230 0.376405 0.257324  0.366271
6946 0.172615 0.753309  0.0740753
4849 0.20632 0.626876  0.166804
2777 0.268578 0.349138  0.382284
11291 0.370728 0.532537  0.0967352
11592 0.465199 0.390241  0.14456
8818 0.210038 0.213737  0.576225
755 0.445501 0.00709025  0.547409
10564 0.292859 0.195532  0.511609
9957 0.241979 0.372479  0.385542
8919 0.4756 0.222121  0.302279
8875 0.282666 0.47164  0.245694
1487 0.414181 0.36583  0.219989
5970 0.825524 0.124878  0.0495982
10447 0.382179 0.168399  0.449423
11545 0.200998 0.0306503  0.768352
2769 0.21501 0.322056  0.462934
6421 0.376819 0.465253  0.157928
83 0.342723 0.196628  0.460649
1071 0.486203 0.0841523  0.429645
49 0.278132 0.310058  0.411811
1578 0.0120024 0.436332  0.551666
3178 0.584716 0.057846  0.357438
7351 0.0652259 0.181506  0.753268
9347 0.172501 0.630175  0.197323
4192 0.48981 0.292718  0.217472
10307 0.338954 0.390092  0.270955
7987 0.571733 0.187464  0.240802
7025 0.0916629 0.748364  0.159973
111 0.3639 0.165699  0.470402
8290 0.802212 0.0445736  0.153214
1617 0.542476 0.183251  0.274273
1007 0.258578 0.424314  0.317107
6734 0.172765 0.509239  0.317996
9453 0.225173 0.283881  0.490946
4147 0.270384 0.360743  0.368873
11871 0.195574 0.0843686  0.720057
7082 0.0718595 0.475345  0.452796
1991 0.341494 0.587464  0.0710427
1773 0.148455 0.395535  0.456011
4374 0.225085 0.279535  0.495381
6440 0.0501513 0.127247  0.822602
191 0.164963 0.513104  0.321933
4533 0.429019 0.109531  0.461451
5484 0.494151 0.202259  0.303591
10659 0.325329 0.445843  0.228827
3580 0.249379 0.243226  0.507395
9486 0.176974 0.519104  0.303923
3471 0.219505 0.652766  0.127729
10709 0.193887 0.34633  0.459784
1255 0.0272148 0.292123  0.680662
9485 0.811474 0.13969  0.0488365
5990 0.256773 0.255585  0.487641
7378 0.748931 0.0484362  0.202633
4830 0.469652 0.0286704  0.501677
10383 0.414947 0.362263  0.22279
3537 0.486201 0.446253  0.0675463
10069 0.313037 0.351684  0.335278
10694 0.171461 0.2405  0.588039
3628 0.0703926 0.4576  0.472007
2967 0.105276 0.429722  0.465002
11874 0.511302 0.212981  0.275717
3322 0.592306 0.249934  0.15776
8557 0.249614 0.448693  0.301693
4957 0.187003 0.626882  0.186115
4819 0.226981 0.204077  0.568942
1994 0.516896 0.0847999  0.398304
3289 0.163667 0.506605  0.329728
11524 0.502618 0.331951  0.16543
4603 0.183983 0.322863  0.493154
1562 0.104127 0.646163  0.24971
1006 0.762929 0.180659  0.0564124
4144 0.632615 0.154081  0.213305
10271 0.161659 0.583774  0.254567
11104 0.280606 0.35158  0.367814
8727 0.169516 0.560064  0.27042
9466 0.516088 0.287141  0.196771
7586 0.155591 0.733448  0.110961
11171 0.476776 0.463123  0.0601015
9151 0.168561 0.453791  0.377648
3007 0.141956 0.424285  0.433759
9179 0.35798 0.142365  0.499654
548 0.54703 0.277753  0.175217
5089 0.390966 0.339998  0.269036
7923 0.414483 0.442699  0.142818
1663 0.0875508 0.80361  0.108839
10842 0.496436 0.445518  0.0580459
1055 0.548118 0.222936  0.228946
8388 0.31605 0.469596  0.214354
6376 0.32276 0.351518  0.325723
8428 0.384522 0.414812  0.200666
5072 0.375559 0.286382  0.338059
5727 0.130973 0.491789  0.377238
9260 0.338683 0.48277  0.178547
7476 0.416073 0.230516  0.353411
6093 0.243346 0.481345  0.275309
2976 0.382578 0.328509  0.288913
6541 0.698332 0.255747  0.045921
2339 0.637571 0.353575  0.00885414
3112 0.137583 0.373543  0.488874
3758 0.0662004 0.232499  0.701301
5094 0.38216 0.343519  0.274322
1069 0.553221 0.103018  0.343761
9890 0.37525 0.199383  0.425367
5084 0.158245 0.459508  0.382248
6679 0.302949 0.352773  0.344278
5376 0.267341 0.413306  0.319353
8788 0.406969 0.108636  0.484395
218 0.107363 0.529079  0.363557
5340 0.327636 0.287594  0.38477
5569 0.282293 0.122828  0.594879
3678 0.740813 0.162779  0.0964089
1207 0.89378 0.0107875  0.0954327
11023 0.362948 0.324297  0.312755
806 0.214955 0.365898  0.419147
4483 0.428828 0.297627  0.273545
9160 0.2905 0.363259  0.34624
8979 0.132134 0.636733  0.231133
9068 0.146274 0.557084  0.296642
332 0.187575 0.470758  0.341667
3798 0.428108 0.175241  0.396651
11536 0.173255 0.168573  0.658172
10431 0.459333 0.475317  0.0653503
6683 0.47907 0.506643  0.0142876
703 0.592042 0.18951  0.218447
6805 0.494063 0.307864  0.198073
1568 0.0341546 0.905456  0.0603894
5833 0.466067 0.178151  0.355783
7974 0.363468 0.408505  0.228027
2952 0.793161 0.149589  0.0572491
775 0.238673 0.694177  0.0671497
2176 0.666027 0.0956741  0.238298
9460 0.182857 0.397693  0.41945
3909 0.293106 0.228521  0.478373
4985 0.683343 0.0854514  0.231206
8851 0.36773 0.444868  0.187402
10141 0.79419 0.16588  0.0399306
216 0.333499 0.0440578  0.622443
683 0.277892 0.243033  0.479076
11681 0.522116 0.433468  0.0444154
4771 0.222219 0.505531  0.272251
9582 0.173766 0.377047  0.449187
11130 0.846154 0.0154522  0.138394
10264 0.300783 0.536306  0.162911
348 0.644616 0.104517  0.250867
3539 0.181199 0.691348  0.127453
8186 0.0645683 0.324614  0.610818
5962 0.471821 0.0488328  0.479347
5341 0.480276 0.0677885  0.451935
3859 0.0130879 0.569135  0.417777
5875 0.259609 0.486677  0.253714
8848 0.696394 0.167482  0.136123
4120 0.1797 0.741226  0.0790734
5565 0.0112555 0.381378  0.607366
12000 0.291958 0.434814  0.273228
9030 0.126509 0.499789  0.373701
2591 0.548744 0.0206338  0.430622
9197 0.14016 0.553928  0.305912
1632 0.138192 0.536042  0.325766
4886 0.145472 0.3382  0.516328
99 0.420449 0.247821  0.331729
4433 0.147327 0.147185  0.705488
10709 0.335326 0.125376  0.539297
4067 0.293484 0.314102  0.392415
5917 0.252706 0.356139  0.391154
451 0.620006 0.248384  0.13161
7578 0.108196 0.302236  0.589568
6328 0.290992 0.336889  0.372119
8545 0.473255 0.384097  0.142648
10275 0.208593 0.40231  0.389096
10681 0.442771 0.133498  0.423731
4602 0.306982 0.338571  0.354448
8604 0.469231 0.24941  0.281359
7095 0.400331 0.00756134  0.592107
8749 0.00825801 0.514598  0.477144
5226 0.419688 0.165283  0.415029
8189 0.526638 0.331056  0.142305
10749 0.312131 0.414637  0.273231
10491 0.140871 0.168329  0.6908
11929 0.403019 0.0855079  0.511474
252 0.344237 0.412964  0.242799
6628 0.0205055 0.570794  0.4087
5640 0.271729 0.344831  0.383441
5270 0.456022 0.0596021  0.484376
11520 0.516434 0.249555  0.23401
1728 0.873619 0.0498343  0.0765469
691 0.267171 0.345824  0.387005
3194 0.29339 0.598228  0.108381
10513 0.459297 0.198861  0.341842
6841 0.483748 0.131788  0.384463
620 0.743705 0.177303  0.0789917
7854 0.447 0.493695  0.0593057
3473 0.242493 0.385966  0.371541
1722 0.48052 0.050366  0.469114
10683 0.658585 0.184581  0.156834
3062 0.293697 0.399324  0.306979
5121 0.396784 0.372019  0.231197
7012 0.315836 0.58784  0.0963233
8288 0.394359 0.0100186  0.595622
11618 0.440956 0.37675  0.182295
4184 0.375762 0.429373  0.194866
9055 0.307908 0.320894  0.371198
252 0.360641 0.351785  0.287574
921 0.151811 0.159152  0.689036
6777 0.0369726 0.566182  0.396846
1275 0.450692 0.205726  0.343582
1082 0.446089 0.422098  0.131813
8523 0.474714 0.444724  0.0805623
5374 0.46871 0.192852  0.338438
4421 0.076284 0.281598  0.642118
5328 0.156874 0.147819  0.695307
1410 0.450136 0.122229  0.427635
7946 0.568057 0.150088  0.281855
6542 0.340102 0.256352  0.403545
1239 0.464077 0.164673  0.37125
4308 0.143043 0.430248  0.426709
7850 0.529025 0.360071  0.110904
6199 0.0364645 0.812692  0.150843
7989 0.0911893 0.313022  0.595788
5870 0.493225 0.202601  0.304174
10919 0.483744 0.174584  0.341673
11626 0.132185 0.348407  0.519408
8717 0.417155 0.0887154  0.49413
11753 0.339524 0.24292  0.417555
4943 0.285921 0.335709  0.37837
11659 0.604661 0.0280401  0.367299
9187 0.312495 0.428551  0.258954
5247 0.42432 0.17203  0.403649
6904 0.349593 0.381313  0.269094
10863 0.659728 0.229969  0.110304
3401 0.465112 0.472841  0.0620474
7295 0.538347 0.108187  0.353466
6674 0.512687 0.420311  0.0670011
3156 0.339753 0.412815  0.247432
10453 0.356842 0.52373  0.119428
978 0.27174 0.644351  0.0839089
8762 0.755359 0.193549  0.051092
8175 0.384301 0.189176  0.426523
3649 0.100398 0.63692  0.262682
6129 0.384684 0.243959  0.371358
9701 0.321857 0.411112  0.267031
344 0.0188846 0.815026  0.166089
3782 0.395548 0.363528  0.240923
810 0.360059 0.0340544  0.605887
8998 0.0846497 0.564762  0.350589
8648 0.182274 0.669707  0.14802
2246 0.399742 0.155098  0.44516
4850 0.58578 0.155777  0.258443
6581 0.545896 0.243016  0.211089
4249 0.174171 0.608362  0.217467
3109 0.330304 0.56737  0.102326
6763 0.707858 0.0485781  0.243564
5813 0.0930755 0.580293  0.326631
3819 0.242403 0.377843  0.379754
7819 0.526996 0.243838  0.229166
3766 0.102261 0.667619  0.23012
4994 0.239086 0.123949  0.636965
1858 0.569906 0.318863  0.111231
11198 0.437731 0.186854  0.375416
1871 0.282644 0.317643  0.399714
3245 0.085406 0.501214  0.41338
6573 0.403715 0.369678  0.226607
1802 0.449476 0.2442  0.306324
7969 0.458797 0.302341  0.238862
10249 0.160676 0.603289  0.236035
7424 0.561454 0.182216  0.25633
3738 0.173539 0.556148  0.270313
1722 0.303488 0.367728  0.328784
3778 0.163037 0.432099  0.404864
5494 0.428614 0.198792  0.372594
11604 0.328752 0.338293  0.332956
9961 0.0786707 0.0668386  0.854491
5473 0.286155 0.134632  0.579212
5356 0.151377 0.576293  0.27233
9054 0.393195 0.275371  0.331434
8166 0.409963 0.166702  0.423335
1537 0.184401 0.275295  0.540304
6072 0.188171 0.453937  0.357892
1808 0.466019 0.441376  0.0926052
19 0.302343 0.390578  0.307079
8028 0.353907 0.271293  0.3748
5548 0.817721 0.0814729  0.100806
6660 0.0233215 0.274348  0.702331
3116 0.710172 0.247164  0.0426633
3987 0.451988 0.460181  0.0878312
3811 0.197363 0.212924  0.589714
3793 0.026889 0.586938  0.386173
7153 0.523241 0.418904  0.0578552
10056 0.422535 0.214713  0.362752
9559 0.36557 0.34838  0.286051
9771 0.37129 0.192075  0.436634
2847 0.0857647 0.143339  0.770897
5722 0.03449 0.38912  0.57639
6918 0.430289 0.239723  0.329988
3056 0.189632 0.186554  0.623814
8782 0.441138 0.149946  0.408916
9181 0.33884 0.439319  0.221841
4481 0.525286 0.317015  0.157699
1693 0.259517 0.467173  0.273311
5975 0.356316 0.293884  0.3498
2456 0.131388 0.59401  0.274602
3532 0.316213 0.406417  0.27737
2832 0.205288 0.71599  0.0787218
4863 0.359266 0.410217  0.230517
9661 0.0720435 0.298818  0.629139
4118 0.407653 0.117324  0.475023
7429 0.0946915 0.260835  0.644474
2261 0.101463 0.57558  0.322957
5291 0.177236 0.395565  0.427199
2702 0.47502 0.170045  0.354935
4386 0.0335113 0.407067  0.559422
10492 0.44361 0.0179894  0.538401
1722 0.432184 0.348485  0.219331
5402 0.0545547 0.389818  0.555627
8112 0.603295 0.312065  0.0846399
9164 0.389671 0.321738  0.288591
11917 0.460257 0.483094  0.0566489
7840 0.125577 0.0740882  0.800335
5886 0.174175 0.662924  0.162901
5013 0.297685 0.397626  0.304689
10761 0.230297 0.122951  0.646753
4809 0.324464 0.291625  0.383911
1060 0.54937 0.122057  0.328573
10362 0.0721907 0.234517  0.693292
380 0.375516 0.222994  0.40149
2796 0.338145 0.175547  0.486308
2117 0.404809 0.341173  0.254019
6960 0.0747144 0.608242  0.317043
1750 0.619457 0.225388  0.155155
4436 0.0784366 0.207261  0.714302
2165 0.215087 0.324494  0.46042
8187 0.18029 0.45614  0.36357
2115 0.490938 0.176556  0.332506
5191 0.66152 0.235316  0.103164
2959 0.188004 0.244294  0.567702
8474 0.608004 0.278534  0.113462
252 0.488235 0.271666  0.240099
3772 0.368204 0.317122  0.314674
9157 0.210634 0.268165  0.521201
1406 0.296704 0.472694  0.230602
3893 0.139479 0.320221  0.5403
9550 0.601338 0.243149  0.155514
4967 0.381434 0.323031  0.295535
9532 0.347466 0.243891  0.408643
7508 0.369459 0.277605  0.352936
6209 0.178364 0.17744  0.644196
5788 0.136801 0.456898  0.4063
4227 0.34326 0.41469  0.24205
772 0.246435 0.577669  0.175897
9599 0.442312 0.263086  0.294602
5061 0.353966 0.316637  0.329397
11488 0.306572 0.288725  0.404703
10575 0.208836 0.285724  0.505439
10399 0.500786 0.139392  0.359822
797 0.0534359 0.278278  0.668286
3070 0.118479 0.514765  0.366756
11621 0.467292 0.111725  0.420983
9568 0.145749 0.560953  0.293299
3772 0.385291 0.518228  0.0964814
11817 0.314166 0.265197  0.420637
5551 0.789514 0.0106383  0.199848
4596 0.197416 0.0468213  0.755763
8159 0.325641 0.264149  0.41021
2931 0.36827 0.260228  0.371502
3365 0.460846 0.168897  0.370257
3678 0.0860908 0.0777033  0.836206
3040 0.554341 0.137098  0.308561
6154 0.592066 0.199001  0.208933
6255 0.727744 0.112957  0.159299
7914 0.466477 0.319998  0.213525
2386 0.500793 0.317467  0.18174
11664 0.298838 0.182804  0.518358
9261 0.311441 0.430612  0.257947
5735 0.379303 0.44616  0.174537
4361 0.410325 0.381042  0.208633
4791 0.133381 0.41255  0.454069
5000 0.11691 0.397128  0.485962
2703 0.167115 0.565384  0.267501
11137 0.201786 0.559409  0.238805
4215 0.264237 0.352535  0.383228
7598 0.543094 0.232685  0.224221
10227 0.332208 0.330162  0.33763
2366 0.150404 0.306514  0.543082
7549 0.458181 0.329909  0.21191
4098 0.412027 0.336239  0.251734
538 0.543063 0.260353  0.196584
10362 0.519523 0.356374  0.124104
7810 0.117527 0.519067  0.363406
9104 0.251604 0.518943  0.229454
3183 0.181967 0.0198468  0.798186
2814 0.40903 0.296837  0.294133
4667 0.501845 0.415509  0.0826454
282 0.111408 0.474944  0.413648
11635 0.115204 0.366698  0.518098
6202 0.121238 0.23147  0.647292
7865 0.285499 0.0874896  0.627011
1353 0.530758 0.238626  0.230616
4338 0.486771 0.450095  0.0631343
11867 0.539001 0.405736  0.0552624
10545 0.35091 0.555309  0.0937817
1492 0.420091 0.448888  0.131021
788 0.543653 0.366616  0.0897313
5688 0.282708 0.457752  0.25954
83 0.252662 0.328949  0.418389
3544 0.50905 0.207129  0.283821
9823 0.53033 0.185884  0.283786
716 0.145899 0.469847  0.384255
12032 0.221863 0.498271  0.279866
10956 0.0501894 0.4258  0.524011
3547 0.613002 0.0774956  0.309503
2184 0.272638 0.341983  0.385379
9266 0.50854 0.318083  0.173377
4188 0.0660418 0.438255  0.495703
3171 0.403773 0.267647  0.32858
12003 0.0455525 0.105528  0.848919
11696 0.0193542 0.520073  0.460573
5475 0.373206 0.400629  0.226165
8960 0.346139 0.326896  0.326964
8233 0.271359 0.431135  0.297506
10266 0.462957 0.0219731  0.51507
7553 0.533179 0.183986  0.282834
3711 0.346653 0.183544  0.469803
10822 0.479902 0.449038  0.0710606
10179 0.081128 0.0483894  0.870483
3235 0.140648 0.17454  0.684812
2213 0.448182 0.354802  0.197016
6868 0.40224 0.148987  0.448773
11109 0.390143 0.125376  0.484482
631 0.320473 0.131537  0.54799
9576 0.286461 0.279985  0.433554
10562 0.258319 0.651039  0.0906422
9011 0.338346 0.254747  0.406907
4463 0.787854 0.0487514  0.163394
6594 0.353837 0.366748  0.279415
10623 0.221123 0.326104  0.452773
1123 0.375701 0.271499  0.3528
4886 0.190239 0.106809  0.702953
2450 0.28572 0.312947  0.401333
4890 0.448578 0.0899118  0.46151
2935 0.218461 0.409957  0.371582
8610 0.389148 0.194854  0.415998
4729 0.167142 0.129154  0.703704
1043 0.369697 0.299155  0.331148
1100 0.576793 0.199387  0.223821
10961 0.178026 0.472927  0.349047
8477 0.401004 0.0536633  0.545333
4202 0.467049 0.368022  0.164929
4356 0.144702 0.522712  0.332586
2648 0.435009 0.196001  0.36899
3548 0.540918 0.312978  0.146103
2502 0.376687 0.172777  0.450536
1989 0.220337 0.446799  0.332864
10079 0.463887 0.460102  0.0760109
10776 0.653866 0.0505355  0.295599
11360 0.329465 0.325033  0.345502
7645 0.476007 0.41267  0.111323
1436 0.0738553 0.466201  0.459944
5658 0.0564245 0.275573  0.668002
11225 0.0780241 0.632242  0.289734
5933 0.251243 0.433373  0.315383
7083 0.295865 0.467945  0.23619
3719 0.541341 0.031776  0.426883
4704 0.405244 0.336263  0.258493
10524 0.271698 0.451134  0.277168
9914 0.331297 0.334727  0.333976
876 0.638252 0.344022  0.0177257
8943 0.663682 0.212478  0.12384
5351 0.399782 0.441389  0.158828
8394 0.457067 0.0415785  0.501355
10556 0.357537 0.40338  0.239083
7749 0.359173 0.320557  0.32027
647 0.557201 0.0370874  0.405712
621 0.072343 0.443404  0.484253
10595 0.623563 0.0727772  0.30366
3849 0.23671 0.262116  0.501174
2167 0.816302 0.17423  0.00946819
1905 0.514164 0.204288  0.281548
8279 0.155383 0.332838  0.511779
5899 0.291623 0.401844  0.306532
10339 0.322359 0.361036  0.316605
9624 0.316484 0.492816  0.1907
6488 0.221988 0.624406  0.153606
9726 0.580646 0.0759389  0.343416
1894 0.519843 0.375452  0.104705
11116 0.658813 0.0279528  0.313234
951 0.369121 0.364572  0.266307
142 0.314886 0.495034  0.19008
2040 0.423948 0.216686  0.359366
2001 0.248605 0.257954  0.493441
4047 0.00940428 0.507691  0.482905
1990 0.461186 0.150541  0.388272
368 0.272091 0.454695  0.273214
6860 0.281739 0.564437  0.153824
346 0.342902 0.384315  0.272784
3778 0.407194 0.456176  0.13663
6091 0.31837 0.151248  0.530382
3178 0.459504 0.380738  0.159758
5350 0.511487 0.181401  0.307112
8911 0.375176 0.35353  0.271294
4595 0.118255 0.441385  0.440359
2456 0.532368 0.324477  0.143155
5990 0.183982 0.515205  0.300813
7318 0.0935896 0.388348  0.518063
3298 0.283927 0.306651  0.409422
143 0.423292 0.417886  0.158822
7141 0.145844 0.831259  0.0228972
8720 0.374215 0.60427  0.0215146
11037 0.588561 0.136948  0.274491
6287 0.543207 0.329625  0.127167
5911 0.0811963 0.108285  0.810519
6677 0.416698 0.117941  0.465361
10513 0.619724 0.192913  0.187363
8924 0.29455 0.467874  0.237575
5169 0.160925 0.42719  0.411885
9238 0.177206 0.21243  0.610364
4602 0.328586 0.169289  0.502124
236 0.209457 0.476169  0.314374
11256 0.47212 0.322247  0.205633
41 0.1295 0.637571  0.232929
8959 0.197018 0.206358  0.596624
218 0.304179 0.0678608  0.62796
2256 0.58913 0.0523806  0.35849
8374 0.267104 0.3754  0.357496
1261 0.25971 0.656408  0.0838827
6220 0.0834517 0.6767  0.239849
1066 0.222081 0.189757  0.588163
12090 0.289178 0.442617  0.268205
2939 0.671653 0.117168  0.211179
1673 0.329494 0.264875  0.40563
342 0.243741 0.262632  0.493627
1834 0.335267 0.407222  0.257511
1808 0.064722 0.553533  0.381745
8950 0.235993 0.238035  0.525971
1422 0.517348 0.110398  0.372254
619 0.456289 0.379972  0.163739
6507 0.338442 0.435121  0.226438
9460 0.314357 0.236488  0.449155
8475 0.138027 0.48633  0.375643
6351 0.24295 0.334612  0.422438
331 0.480476 0.345591  0.173933
2258 0.399044 0.379842  0.221114
11114 0.368572 0.245969  0.385459
11014 0.510497 0.107698  0.381805
723 0.341145 0.319663  0.339192
3963 0.61263 0.375438  0.0119324
11314 0.0828584 0.695022  0.22212
8118 0.399041 0.113534  0.487425
2525 0.38718 0.462763  0.150057
1567 0.422009 0.315363  0.262628
1407 0.385043 0.358366  0.256591
4104 0.631114 0.0377436  0.331143
2839 0.314042 0.346102  0.339855
6466 0.17946 0.338818  0.481722
975 0.185708 0.566189  0.248103
11591 0.453568 0.199451  0.346981
919 0.63209 0.299022  0.0688879
10603 0.429622 0.25898  0.311397
7027 0.193168 0.457752  0.349081
7573 0.203402 0.549635  0.246962
9283 0.0543761 0.762438  0.183186
8062 0.354031 0.214615  0.431354
6570 0.281239 0.155298  0.563463
2203 0.0591456 0.139697  0.801157
8331 0.210009 0.137825  0.652166
700 0.336332 0.562793  0.100874
10067 0.397481 0.440237  0.162282
11228 0.365781 0.0257958  0.608423
120 0.222763 0.477071  0.300165
11805 0.351039 0.584961  0.0639999
4552 0.540953 0.282297  0.176751
9105 0.465451 0.341737  0.192812
11191 0.818512 0.113218  0.0682698
5061 0.339088 0.390784  0.270128
12037 0.0510737 0.658768  0.290158
4860 0.37778 0.0213686  0.600851
1017 0.0719712 0.794551  0.133478
10521 0.467909 0.448391  0.0836994
9084 0.319726 0.533171  0.147103
7767 0.467962 0.178681  0.353356
7098 0.365399 0.261686  0.372915
4855 0.236973 0.344505  0.418522
10322 0.335897 0.633144  0.0309594
3406 0.447292 0.132531  0.420177
465 0.170589 0.802187  0.027224
2072 0.350118 0.514578  0.135303
6634 0.195868 0.276104  0.528028
9590 0.389546 0.337244  0.27321
10050 0.268683 0.293637  0.43768
3468 0.356986 0.379143  0.263871
2810 0.429801 0.213796  0.356402
6516 0.488768 0.0534095  0.457823
7169 0.488133 0.423455  0.0884119
2441 0.0855812 0.687451  0.226968
10808 0.703572 0.262212  0.034216
2170 0.276769 0.228138  0.495093
4738 0.370619 0.295646  0.333735
3115 0.0216712 0.13081  0.847519
6955 0.265558 0.414276  0.320166
7393 0.513595 0.296667  0.189738
1876 0.525034 0.33697  0.137996
11194 0.754761 0.105663  0.139577
8248 0.107603 0.426752  0.465646
4122 0.551807 0.393317  0.0548766
4811 0.0157164 0.81435  0.169933
10420 0.459831 0.299876  0.240292
10326 0.370232 0.0677441  0.562024
8528 0.0562674 0.735677  0.208056
4140 0.598581 0.12789  0.273529
10437 0.0335623 0.64579  0.320648
1336 0.419181 0.242244  0.338575
7203 0.164212 0.447658  0.38813
10146 0.341503 0.269371  0.389125
4913 0.599269 0.148019  0.252712
6608 0.414689 0.0133245  0.571986
2298 0.438608 0.351753  0.209639
8411 0.316569 0.449868  0.233563
2292 0.368271 0.10643  0.525299
3945 0.238645 0.37964  0.381715
7723 0.363132 0.242313  0.394555
6202 0.357538 0.314405  0.328058
11548 0.883338 0.0545802  0.062082
2845 0.348006 0.275887  0.376107
6308 0.426589 0.291479  0.281932
11582 0.013584 0.558748  0.427668
6456 0.579783 0.255692  0.164526
10377 0.28241 0.39543  0.32216
11636 0.183159 0.707398  0.109443
11480 0.021776 0.0311772  0.947047
11910 0.474248 0.299937  0.225815
6 0.673622 0.206405  0.119973
2782 0.149023 0.461619  0.389358
6997 0.507791 0.0842252  0.407983
11108 0.191232 0.685968  0.1228
2893 0.631395 0.300622  0.0679829
6976 0.0643555 0.384909  0.550736
5656 0.291256 0.58998  0.118764
9121 0.253109 0.0545316  0.692359
5212 0.302288 0.649321  0.0483916
5970 0.401477 0.201256  0.397267
9633 0.100417 0.459386  0.440198
4729 0.224894 0.322139  0.452968
7223 0.174491 0.245569  0.57994
6752 0.19016 0.585567  0.224272
4800 0.255985 0.482865  0.261149
5134 0.0724393 0.298985  0.628575
8646 0.214144 0.599037  0.18682
9571 0.0640902 0.446753  0.489157
9256 0.426264 0.306212  0.267524
11883 0.35477 0.28359  0.36164
2235 0.130072 0.460236  0.409691
10676 0.380733 0.541306  0.077961
5214 0.329556 0.463586  0.206858
9535 0.454214 0.422176  0.12361
258 0.504857 0.375155  0.119989
478 0.065407 0.531973  0.40262
5841 0.286813 0.151583  0.561604
1551 0.381692 0.175515  0.442793
11431 0.279704 0.318031  0.402265
814 0.330986 0.419373  0.249641
465 0.240656 0.372902  0.386442
8633 0.442351 0.456872  0.100777
1401 0.106144 0.194831  0.699025
11718 0.190282 0.14161  0.668108
9179 0.204684 0.359382  0.435934
6053 0.304974 0.158839  0.536187
1614 0.828174 0.100158  0.0716682
3147 0.286985 0.343025  0.36999
1476 0.242548 0.364426  0.393026
3412 0.0880561 0.640136  0.271808
4102 0.144897 0.665418  0.189685
10394 0.349988 0.569483  0.0805293
8488 0.302843 0.112923  0.584234
4725 0.582051 0.103627  0.314322
10297 0.22986 0.283665  0.486475
11477 0.444423 0.2509  0.304677
8273 0.152145 0.306626  0.541229
8957 0.302474 0.428911  0.268615
7602 0.349871 0.404767  0.245362
5597 0.15744 0.356864  0.485696
6823 0.327315 0.373643  0.299042
3932 0.487805 0.387176  0.125019
8057 0.32931 0.329315  0.341375
969 0.40581 0.157369  0.436822
8892 0.439281 0.0555881  0.505131
9592 0.13676 0.474415  0.388825
157 0.145425 0.501947  0.352628
6443 0.293411 0.353875  0.352715
701 0.275427 0.190705  0.533868
4954 0.271032 0.0924584  0.636509
1857 0.446779 0.392661  0.16056
1076 0.384638 0.29397  0.321392
2260 0.468528 0.239253  0.292219
758 0.398662 0.302361  0.298976
2343 0.203062 0.53718  0.259758
3115 0.429706 0.309462  0.260832
9814 0.219444 0.280261  0.500294
9702 0.422377 0.281968  0.295655
7088 0.490964 0.402943  0.106093
638 0.0636917 0.487381  0.448927
1216 0.668626 0.130893  0.200482
10574 0.233462 0.319258  0.44728
6706 0.145594 0.376725  0.477681
5214 0.354371 0.0459232  0.599706
5590 0.229524 0.456648  0.313828
10714 0.431926 0.368754  0.199319
4687 0.440444 0.452374  0.107181
9833 0.0776381 0.425065  0.497297
9357 0.314702 0.356536  0.328763
10575 0.0601949 0.405923  0.533882
2325 0.343695 0.390843  0.265462
7112 0.406638 0.101552  0.49181
168 0.177794 0.151482  0.670724
8775 0.813155 0.0992103  0.0876345
10740 0.463879 0.480825  0.055296
3729 0.426885 0.121388  0.451727
2343 0.652946 0.319144  0.0279094
3614 0.417174 0.398153  0.184673
5351 0.266549 0.429479  0.303972
9025 0.139455 0.483623  0.376922
6487 0.183897 0.40141  0.414693
869 0.509608 0.0101123  0.480279
9237 0.280981 0.0942901  0.624729
10936 0.490402 0.397719  0.11188
6194 0.446274 0.365518  0.188208
1035 0.466344 0.343165  0.190492
5613 0.235485 0.634652  0.129863
2117 0.314995 0.278902  0.406103
3758 0.298045 0.505499  0.196456
8500 0.280909 0.354313  0.364779
9874 0.367421 0.288468  0.344111
8803 0.35678 0.395393  0.247827
8664 0.394298 0.229855  0.375848
4199 0.235606 0.115427  0.648967
3009 0.153529 0.0684355  0.778035
10179 0.220788 0.33449  0.444722
4586 0.297879 0.241028  0.461093
3202 0.171996 0.133523  0.694481
5098 0.418756 0.47278  0.108465
1770 0.242427 0.0141904  0.743383
2894 0.305491 0.39723  0.297279
11292 0.142696 0.440585  0.416719
8478 0.439311 0.473906  0.0867838
8795 0.324484 0.35953  0.315985
3598 0.774572 0.0598066  0.165621
6961 0.157228 0.402311  0.44046
3871 0.0459362 0.746162  0.207902
4570 0.206275 0.418972  0.374753
775 0.348589 0.227817  0.423594
3681 0.197577 0.263359  0.539064
1720 0.579819 0.0255239  0.394657
11113 0.20191 0.103699  0.69439
6873 0.236356 0.536351  0.227293
4058 0.524203 0.400455  0.0753419
675 0.174348 0.363859  0.461793
11447 0.119771 0.551943  0.328285
6203 0.28967 0.127062  0.583268
6132 0.045232 0.316068  0.6387
11621 0.24574 0.299904  0.454356
7558 0.264028 0.590377  0.145594
1259 0.574347 0.132104  0.293549
2863 0.427495 0.358187  0.214318
9071 0.70194 0.0144768  0.283583
5316 0.42475 0.276513  0.298738
6751 0.364302 0.264596  0.371102
4474 0.667971 0.184632  0.147397
6898 0.279184 0.320261  0.400555
9991 0.135716 0.142081  0.722203
4833 0.440319 0.368365  0.191317
8047 0.342268 0.277304  0.380429
6985 0.217145 0.501426  0.281429
2426 0.349217 0.614314  0.0364686
11737 0.941107 0.0171629  0.0417304
10340 0.268638 0.193557  0.537806
6973 0.134441 0.493156  0.372403
11452 0.529508 0.232694  0.237798
9733 0.437547 0.356552  0.205901
7128 0.378655 0.278023  0.343322
7419 0.0777551 0.328982  0.593263
1703 0.679024 0.183099  0.137878
9789 0.0860505 0.521198  0.392752
8185 0.54782 0.405298  0.046882
3176 0.650481 0.127014  0.222505
1824 0.131397 0.402925  0.465678
4459 0.230632 0.502473  0.266896
2832 0.474823 0.342789  0.182388
2469 0.173574 0.47375  0.352677
6535 0.387412 0.197581  0.415007
10354 0.263799 0.27936  0.456841
372 0.478838 0.416095  0.105067
2711 0.767229 0.104324  0.128446
8034 0.475113 0.457847  0.0670397
12015 0.346074 0.405912  0.248013
10116 0.400101 0.0667127  0.533186
10561 0.421936 0.352074  0.22599
921 0.11737 0.41789  0.46474
4620 0.500378 0.251538  0.248084
7477 0.562794 0.262658  0.174548
4950 0.456523 0.105679  0.437798
7621 0.435625 0.173284  0.391092
11398 0.583458 0.0711172  0.345425
1092 0.0806632 0.489052  0.430285
8647 0.433003 0.291295  0.275702
8496 0.113969 0.503087  0.382943
10278 0.211185 0.135729  0.653087
8135 0.279997 0.364404  0.355599
2767 0.658279 0.252779  0.0889428
1467 0.212982 0.4017  0.385318
8842 0.281245 0.618785  0.0999708
11624 0.207527 0.39231  0.400163
3039 0.561499 0.352681  0.0858208
9542 0.294392 0.49829  0.207318
10255 0.606214 0.287282  0.106504
5311 0.419554 0.332215  0.248231
1582 0.0337804 0.268333  0.697887
8059 0.392991 0.555477  0.051532
5940 0.728161 0.0655415  0.206298
10963 0.534882 0.114947  0.350171
11600 0.0241619 0.521858  0.45398
2026 0.285645 0.6787  0.0356544
1317 0.202544 0.524263  0.273193
7361 0.376974 0.319818  0.303207
2224 0.316567 0.244784  0.438648
9640 0.231104 0.6099  0.158996
6888 0.334525 0.475509  0.189966
6438 0.524908 0.0821896  0.392902
11657 0.387433 0.393346  0.219221
5503 0.558305 0.0161217  0.425573
9718 0.272861 0.526199  0.20094
834 0.299072 0.190118  0.51081
2297 0.423881 0.027765  0.548354
2922 0.220581 0.345406  0.434014
7749 0.405771 0.333294  0.260935
10468 0.284512 0.272387  0.4431
8128 0.201461 0.332592  0.465946
1838 0.076217 0.361444  0.562339
7437 0.284863 0.319784  0.395353
10190 0.122913 0.658241  0.218847
9384 0.109956 0.0169353  0.873108
2418 0.853225 0.113024  0.0337506
216 0.39499 0.340224  0.264786
8432 0.480654 0.191023  0.328323
6011 0.421705 0.396426  0.181869
969 0.298428 0.302782  0.39879
4945 0.482235 0.0828995  0.434865
1784 0.218326 0.654442  0.127233
11684 0.181983 0.566076  0.251941
449 0.316903 0.194202  0.488896
7631 0.366569 0.381788  0.251642
10192 0.218048 0.42696  0.354992
5471 0.53503 0.211358  0.253612
8601 0.0319362 0.886156  0.0819074
7692 0.283121 0.304581  0.412298
8936 0.201136 0.617023  0.181841
10354 0.565748 0.124837  0.309416
2549 0.630245 0.359442  0.0103123
502 0.260443 0.115699  0.623858
4579 0.474471 0.490685  0.034844
10912 0.0844824 0.857205  0.0583126
7950 0.445667 0.193525  0.360809
831 0.155757 0.322314  0.521929
4409 0.294998 0.401753  0.303249
7803 0.471195 0.274159  0.254646
8549 0.0405619 0.104421  0.855017
1946 0.411626 0.234415  0.353959
9178 0.413341 0.22101  0.365648
1102 0.610223 0.374746  0.0150313
1821 0.0928543 0.627002  0.280144
7589 0.366818 0.330322  0.30286
5605 0.39035 0.458457  0.151193
9874 0.296692 0.0641751  0.639133
5612 0.781587 0.199655  0.0187579
547 0.654345 0.1049  0.240755
10909 0.336048 0.148152  0.515799
611 0.429227 0.269575  0.301199
8936 0.101089 0.396409  0.502502
3583 0.358448 0.291553  0.35
688 0.378361 0.257498  0.364141
8461 0.529317 0.339011  0.131672
6504 0.296473 0.307786  0.395741
4230 0.165174 0.390566  0.44426
2497 0.422896 0.393331  0.183772
474 0.297937 0.398518  0.303545
9193 0.38974 0.339723  0.270537
2800 0.367716 0.284804  0.34748
8893 0.158418 0.482963  0.35862
1644 0.184148 0.436651  0.379202
1559 0.149042 0.388667  0.462292
11229 0.372916 0.275344  0.35174
7537 0.0819005 0.333964  0.584135
4976 0.397811 0.393491  0.208698
3032 0.0587269 0.0690778  0.872195
11602 0.437376 0.288595  0.274028
16 0.244604 0.3591  0.396295
7128 0.440514 0.404246  0.155241
3836 0.612398 0.0887614  0.298841
11852 0.569457 0.330832  0.0997114
4498 0.4678 0.3542  0.178
2399 0.120095 0.493754  0.386151
7603 0.134461 0.261348  0.604191
7691 0.367186 0.278088  0.354726
7879 0.304945 0.451281  0.243774
3112 0.712735 0.209168  0.0780963
10387 0.254122 0.613911  0.131967
5370 0.552157 0.324517  0.123326
460 0.514179 0.290575  0.195246
10667 0.121737 0.607033  0.271229
6753 0.159088 0.496066  0.344845
7802 0.137573 0.481919  0.380508
5713 0.250917 0.120865  0.628218
9086 0.472582 0.504602  0.022816
4788 0.198415 0.483264  0.31832
11626 0.44838 0.335561  0.216059
1498 0.239362 0.00933783  0.7513
11862 0.219266 0.563711  0.217023
10906 0.286591 0.43374  0.279669
487 0.0137286 0.505857  0.480414
149 0.3596 0.263685  0.376715
7866 0.290924 0.333134  0.375941
173 0.496379 0.0159053  0.487716
10826 0.491613 0.447574  0.0608133
60 0.317494 0.495646  0.18686
11079 0.45679 0.189018  0.354193
8279 0.553157 0.305825  0.141018
4876 0.632996 0.0710514  0.295952
7697 0.436954 0.370276  0.19277
9049 0.25058 0.524999  0.224421
499 0.709646 0.129583  0.160771
1463 0.530606 0.235462  0.233932
4937 0.460341 0.180171  0.359488
6370 0.277585 0.366844  0.355572
1572 0.303065 0.304318  0.392616
6741 0.318282 0.29936  0.382359
8407 0.210592 0.311895  0.477513
1293 0.44603 0.127546  0.426424
2218 0.222671 0.490405  0.286924
10665 0.386538 0.384198  0.229264
2778 0.319739 0.228626  0.451635
11946 0.215095 0.327357  0.457547
10604 0.650679 0.126018  0.223303
8167 0.166646 0.431648  0.401706
178 0.0994198 0.419173  0.481407
9682 0.282782 0.684422  0.0327967
706 0.442219 0.317703  0.240078
2242 0.169524 0.573482  0.256994
11096 0.365286 0.409536  0.225178
3487 0.764344 0.0341279  0.201528
12003 0.383912 0.470889  0.145199
2701 0.407034 0.226143  0.366823
4372 0.626961 0.114136  0.258903
5182 0.33236 0.340846  0.326793
10708 0.142305 0.181406  0.676289
6240 0.458892 0.0432423  0.497866
934 0.406361 0.387966  0.205674
2463 0.0947228 0.426197  0.479081
5039 0.282707 0.34301  0.374282
4834 0.163824 0.180044  0.656132
4716 0.281134 0.359124  0.359742
5365 0.440412 0.21449  0.345098
7972 0.174564 0.386683  0.438753
38 0.421759 0.354199  0.224042
10964 0.44305 0.340939  0.216012
9409 0.026335 0.337707  0.635958
1697 0.331109 0.542992  0.125898
3508 0.0396354 0.338322  0.622042
5274 0.302527 0.162968  0.534506
2171 0.231887 0.5006  0.267513
6035 0.444748 0.16936  0.385892
9553 0.0641102 0.302098  0.633792
6471 0.018218 0.550903  0.430879
2559 0.507617 0.39031  0.102073
8264 0.504854 0.265141  0.230005
6584 0.248657 0.705588  0.0457549
10535 0.286918 0.286506  0.426575
6774 0.0509273 0.126387  0.822686
5997 0.50636 0.400676  0.0929633
489 0.238852 0.172662  0.588486
4743 0.322326 0.35259  0.325083
6370 0.112201 0.708462  0.179337
5236 0.107551 0.322138  0.570311
10097 0.4073 0.101334  0.491366
3062 0.267281 0.16786  0.564859
9730 0.31679 0.146003  0.537207
7294 0.267981 0.402326  0.329693
1048 0.182326 0.538778  0.278896
5814 0.457099 0.298962  0.243939
4060 0.413426 0.0787631  0.507811
4152 0.0865595 0.370359  0.543082
8736 0.055955 0.561471  0.382574
1634 0.565134 0.162765  0.272101
6073 0.0337329 0.280892  0.685375
1466 0.332574 0.251383  0.416043
1834 0.106484 0.193396  0.70012
6340 0.60201 0.345852  0.0521374
6105 0.66989 0.0839168  0.246193
3761 0.184759 0.106827  0.708414
5536 0.296762 0.046918  0.65632
6505 0.264603 0.280515  0.454882
11367 0.334897 0.319804  0.345299
3756 0.52529 0.429471  0.0452395
2552 0.314238 0.360879  0.324882
2575 0.342832 0.0916689  0.5655
74 0.408555 0.45728  0.134166
306 0.533806 0.334872  0.131322
1273 0.319897 0.280727  0.399376
1355 0.378777 0.291246  0.329977
7505 0.68437 0.0960099  0.21962
5783 0.236938 0.634035  0.129027
6609 0.189745 0.547455  0.2628
2254 0.365144 0.380306  0.25455
6224 0.223403 0.23588  0.540717
5769 0.0461245 0.409975  0.543901
6044 0.318707 0.316329  0.364964
996 0.264459 0.459604  0.275937
636 0.51227 0.299638  0.188091
1786 0.684976 0.245223  0.0698009
4349 0.252347 0.341655  0.405998
2223 0.407502 0.173017  0.419482
4193 0.555107 0.0706187  0.374274
11911 0.52268 0.135867  0.341454
8483 0.330028 0.34774  0.322231
8887 0.177507 0.445679  0.376813
11224 0.0496084 0.853067  0.0973241
10266 0.246626 0.425309  0.328066
568 0.379309 0.235578  0.385113
10962 0.0288409 0.436441  0.534718
342 0.417851 0.281164  0.300985
9736 0.691526 0.0614884  0.246986
2444 0.459192 0.370831  0.169977
8780 0.256851 0.361154  0.381995
2944 0.113246 0.649173  0.237581
10913 0.481506 0.46772  0.0507744
7006 0.660914 0.316725  0.0223608
316 0.0837761 0.333609  0.582615
2098 0.150333 0.680895  0.168772
2723 0.322791 0.293181  0.384028
7991 0.193816 0.283953  0.522231
12043 0.470959 0.0853672  0.443674
1268 0.0251972 0.433926  0.540876
10423 0.29555 0.344212  0.360239
6753 0.536457 0.237943  0.2256
11711 0.337951 0.154383  0.507666
2127 0.298165 0.18834  0.513495
5640 0.300001 0.310129  0.38987
3896 0.475041 0.407087  0.117872
5740 0.320078 0.271311  0.408611
3968 0.462605 0.520757  0.0166388
11036 0.551987 0.314252  0.133761
4177 0.360695 0.371851  0.267453
9677 0.198792 0.549601  0.251606
556 0.288431 0.206018  0.50555
9511 0.45004 0.398856  0.151104
542 0.341536 0.393846  0.264618
3963 0.336093 0.409796  0.254112
8665 0.780793 0.0861036  0.133104
11256 0.430963 0.476946  0.0920905
10431 0.560507 0.121271  0.318223
10167 0.244793 0.189441  0.565766
824 0.154951 0.41861  0.426439
5536 0.101707 0.117033  0.781261
11696 0.684203 0.164068  0.151729
808 0.348148 0.13881  0.513042
2287 0.207313 0.217554  0.575133
6558 0.487372 0.379827  0.132801
5397 0.462651 0.0937166  0.443632
5914 0.358455 0.273176  0.368369
8820 0.236585 0.490647  0.272768
2410 0.453547 0.181764  0.36469
9020 0.19252 0.464994  0.342486
1955 0.149247 0.449821  0.400932
7212 0.231091 0.47643  0.292479
9982 0.416558 0.272344  0.311098
6226 0.214938 0.516741  0.26832
9138 0.160343 0.0817919  0.757865
3412 0.527404 0.198203  0.274394
1815 0.0767425 0.414576  0.508682
6797 0.302337 0.387196  0.310466
6770 0.117231 0.183034  0.699735
4085 0.147032 0.126081  0.726886
11287 0.425927 0.0763602  0.497713
1198 0.394432 0.296397  0.30917
10164 0.402973 0.0476342  0.549393
9730 0.0261674 0.307748  0.666085
4884 0.295978 0.403541  0.300481
7376 0.547975 0.424643  0.0273819
8418 0.146082 0.312405  0.541513
8024 0.4736 0.472666  0.0537341
5885 0.414375 0.51589  0.0697348
2721 0.0353684 0.445694  0.518937
7626 0.339355 0.285712  0.374934
7995 0.520111 0.327675  0.152215
2891 0.288603 0.371092  0.340305
3228 0.437733 0.242011  0.320256
3967 0.386792 0.319557  0.293651
9817 0.534549 0.0815792  0.383872
10876 0.521886 0.144199  0.333915
3700 0.0665207 0.900236  0.0332437
2632 0.216856 0.605645  0.177499
7090 0.183231 0.571176  0.245593
8459 0.432557 0.465657  0.101787
11376 0.227094 0.525196  0.24771
160 0.368605 0.215245  0.41615
9755 0.8733 0.0406259  0.0860746
2622 0.509002 0.270272  0.220726
2769 0.402894 0.511334  0.0857718
2255 0.48715 0.34595  0.1669
3296 0.294443 0.302749  0.402808
11485 0.529148 0.380154  0.0906975
5447 0.171995 0.422838  0.405167
3092 0.220433 0.771003  0.00856434
1869 0.541739 0.0502274  0.408034
2771 0.178488 0.69372  0.127792
6017 0.27464 0.322196  0.403164
434 0.363779 0.0225394  0.613682
3620 0.333878 0.288495  0.377628
429 0.207279 0.439392  0.353329
1612 0.38549 0.553683  0.0608264
4792 0.506581 0.108839  0.38458
1405 0.729565 0.136792  0.133643
11341 0.257612 0.227952  0.514436
1063 0.189461 0.597255  0.213284
4139 0.527917 0.0771957  0.394888
9949 0.171154 0.308481  0.520365
4498 0.493047 0.13926  0.367692
6321 0.0860562 0.881027  0.0329166
2116 0.495334 0.41022  0.0944458
10857 0.266936 0.170938  0.562127
2029 0.341179 0.253578  0.405243
4459 0.365736 0.220357  0.413907
1555 0.563808 0.245415  0.190778
5261 0.481347 0.213862  0.304791
7399 0.151883 0.54021  0.307907
7743 0.0503793 0.656302  0.293319
11112 0.162281 0.582477  0.255242
4729 0.0369908 0.387817  0.575192
10090 0.306129 0.349088  0.344783
8285 0.635521 0.0619694  0.30251
10233 0.240679 0.095932  0.663389
12084 0.135291 0.820159  0.0445501
2757 0.547469 0.0955829  0.356948
12027 0.329267 0.249498  0.421235
6692 0.382708 0.413238  0.204054
16 0.442545 0.243639  0.313816
905 0.65041 0.109162  0.240429
341 0.597349 0.297301  0.10535
7248 0.341302 0.169547  0.48915
4880 0.437143 0.190218  0.372639
7330 0.371467 0.110465  0.518068
1095 0.379589 0.293475  0.326936
2304 0.266838 0.504067  0.229095
9574 0.454643 0.242828  0.30253
2515 0.405041 0.463538  0.131421
5006 0.489728 0.253568  0.256704
1286 0.587965 0.196577  0.215457
4833 0.511454 0.0955163  0.393029
8526 0.25679 0.562832  0.180378
9284 0.759057 0.152424  0.0885191
5686 0.0930252 0.546364  0.360611
9703 0.21025 0.522779  0.266971
5791 0.790762 0.14717  0.0620675
3890 0.161212 0.108678  0.730111
9403 0.173214 0.449328  0.377458
5475 0.514242 0.301705  0.184052
2942 0.158299 0.703856  0.137845
9967 0.0443155 0.237485  0.7182
6419 0.338595 0.439664  0.221741
9659 0.228303 0.0786351  0.693062
7447 0.257939 0.305834  0.436227
9448 0.184658 0.66477  0.150572
5359 0.363382 0.497573  0.139045
5904 0.361392 0.210414  0.428194
7639 0.552126 0.409587  0.0382866
8537 0.452328 0.393836  0.153836
9645 0.213643 0.506479  0.279878
270 0.428594 0.438972  0.132435
3025 0.578579 0.313304  0.108117
6425 0.0128693 0.801038  0.186092
5800 0.447079 0.122924  0.429998
10063 0.146988 0.476608  0.376404
1326 0.012159 0.46468  0.523161
5150 0.0578483 0.0566603  0.885491
2668 0.435402 0.447636  0.116962
5665 0.44317 0.273233  0.283597
