7731 0.39143 0.171699  0.436871
4325 0.447482 0.241315  0.311203
2856 0.366967 0.264402  0.368631
4041 0.0927456 0.657988  0.249267
1304 0.454493 0.393914  0.151593
6342 0.39054 0.391112  0.218348
2074 0.0365533 0.588895  0.374551
5899 0.380725 0.261891  0.357384
8250 0.202402 0.278772  0.518826
750 0.504015 0.302452  0.193534
1944 0.236662 0.577204  0.186134
7082 0.132889 0.48628  0.38083
5795 0.386085 0.217587  0.396328
1242 0.459586 0.416174  0.124241
5476 0.885541 0.0232509  0.0912077
1355 0.680396 0.220437  0.0991668
5357 0.461764 0.272722  0.265513
4556 0.252702 0.390983  0.356316
7333 0.205823 0.299129  0.495048
5652 0.268704 0.411008  0.320288
2476 0.433762 0.236203  0.330035
6835 0.210764 0.356925  0.43231
665 0.176126 0.514141  0.309733
3484 0.0942796 0.415203  0.490517
3259 0.335332 0.460634  0.204034
3005 0.248775 0.505698  0.245527
6769 0.130304 0.543625  0.326072
6847 0.433755 0.333124  0.23312
2492 0.488833 0.289882  0.221285
4710 0.721982 0.0824502  0.195568
5625 0.106962 0.395405  0.497633
6948 0.431552 0.299705  0.268742
6263 0.281833 0.289124  0.429043
6605 0.0494054 0.467789  0.482806
4843 0.171014 0.259438  0.569549
4548 0.659223 0.146412  0.194365
5506 0.362557 0.209012  0.428432
3481 0.496095 0.0104445  0.49346
1992 0.380781 0.27637  0.342849
2544 0.482873 0.225994  0.291133
320 0.0843596 0.307224  0.608417
3064 0.209384 0.370226  0.42039
6146 0.170034 0.329182  0.500784
7905 0.103219 0.123148  0.773633
5013 0.122634 0.811424  0.065942
1220 0.206262 0.613658  0.18008
4590 0.334482 0.248428  0.41709
918 0.198623 0.490976  0.310401
2229 0.494844 0.102239  0.402918
52 0.291604 0.14187  0.566526
6752 0.4388 0.117765  0.443435
1348 0.421821 0.525083  0.0530964
5179 0.367878 0.321477  0.310645
9682 0.410903 0.387612  0.201485
6516 0.0306819 0.827734  0.141584
8823 0.0144679 0.543026  0.442506
5758 0.296046 0.435964  0.26799
1244 0.170973 0.577951  0.251076
1144 0.210838 0.637587  0.151575
8794 0.608289 0.146339  0.245371
3295 0.407281 0.362936  0.229784
4926 0.50007 0.228892  0.271038
177 0.431519 0.169775  0.398706
5255 0.324862 0.558561  0.116577
2427 0.315486 0.252721  0.431793
4729 0.0104105 0.238025  0.751565
9663 0.128232 0.799159  0.0726092
1044 0.329307 0.533408  0.137285
3985 0.160692 0.593976  0.245332
1970 0.447903 0.356796  0.195301
709 0.575385 0.223716  0.200899
8042 0.518083 0.054378  0.427539
9523 0.412234 0.538065  0.0497011
2158 0.548412 0.3563  0.0952881
183 0.173407 0.445125  0.381467
5624 0.283209 0.49991  0.216881
62 0.088256 0.375287  0.536457
2580 0.259576 0.600166  0.140258
8458 0.416398 0.431922  0.15168
1322 0.405623 0.323364  0.271013
4276 0.49716 0.324968  0.177872
9876 0.119613 0.132288  0.748099
678 0.433655 0.460674  0.105671
639 0.18636 0.369307  0.444333
2846 0.297853 0.364206  0.337941
8980 0.251414 0.508455  0.240131
3150 0.543986 0.440112  0.0159017
3810 0.0254868 0.956142  0.018371
4760 0.573647 0.290021  0.136333
2838 0.484946 0.106003  0.40905
6113 0.267311 0.353504  0.379185
950 0.224838 0.40801  0.367152
2517 0.1457 0.465957  0.388343
1797 0.0850228 0.229248  0.685729
3917 0.439441 0.249779  0.31078
7424 0.427553 0.245498  0.326949
6295 0.527598 0.404101  0.0683018
696 0.514992 0.20343  0.281578
6302 0.285474 0.398345  0.316182
8246 0.215126 0.323527  0.461347
5080 0.404383 0.364548  0.231069
772 0.104161 0.443464  0.452375
5019 0.488949 0.0604826  0.450568
7557 0.467271 0.291527  0.241202
4086 0.334493 0.251036  0.41447
3543 0.340907 0.47822  0.180873
7058 0.240071 0.181069  0.57886
4696 0.403312 0.290183  0.306505
9277 0.50116 0.20767  0.291171
2508 0.202582 0.228716  0.568703
6899 0.256164 0.359138  0.384697
1964 0.354465 0.230061  0.415474
3679 0.380502 0.388794  0.230704
2579 0.49706 0.413776  0.0891642
3549 0.370115 0.381309  0.248576
6978 0.35608 0.0335102  0.610409
2594 0.292209 0.695594  0.0121964
789 0.303279 0.366032  0.330689
461 0.352542 0.500963  0.146495
2406 0.0859622 0.214595  0.699443
5101 0.55554 0.199152  0.245308
838 0.158767 0.327938  0.513294
6928 0.271949 0.324283  0.403768
8008 0.333816 0.217737  0.448447
5349 0.31504 0.364819  0.32014
1357 0.599757 0.289973  0.11027
8058 0.231011 0.329777  0.439211
6013 0.345795 0.439718  0.214487
6444 0.0533265 0.664936  0.281737
4980 0.678195 0.230567  0.0912373
2323 0.515113 0.321438  0.163449
7556 0.472422 0.407064  0.120514
4308 0.349947 0.235352  0.414701
2113 0.415544 0.355463  0.228992
158 0.406482 0.369351  0.224166
7441 0.17209 0.387166  0.440743
497 0.432663 0.189936  0.377401
2940 0.473267 0.348305  0.178428
907 0.406145 0.333104  0.260751
9127 0.617215 0.244234  0.138551
3827 0.462825 0.475026  0.0621481
7093 0.528763 0.105159  0.366077
3436 0.162873 0.369392  0.467735
1509 0.104976 0.500035  0.394989
147 0.313558 0.512823  0.173618
7742 0.524064 0.440508  0.0354282
2138 0.313994 0.338321  0.347685
7231 0.0744247 0.230268  0.695307
7583 0.109762 0.0178327  0.872405
4600 0.228663 0.558119  0.213218
8917 0.221654 0.229338  0.549008
6651 0.325608 0.321568  0.352824
8523 0.346603 0.197904  0.455493
9003 0.358153 0.286366  0.355481
2060 0.146139 0.323577  0.530285
1372 0.462543 0.456599  0.0808578
7344 0.446767 0.541894  0.0113388
635 0.0621022 0.576499  0.361399
1518 0.401218 0.414115  0.184667
9196 0.38264 0.521355  0.0960051
7839 0.403504 0.238406  0.35809
1371 0.563048 0.154423  0.282529
192 0.13951 0.489541  0.370949
8685 0.439107 0.506088  0.0548042
2075 0.325044 0.0576316  0.617325
4764 0.346485 0.550714  0.102801
4828 0.344277 0.150038  0.505685
8278 0.111094 0.833464  0.0554414
141 0.152942 0.779719  0.0673389
8735 0.539993 0.0354503  0.424557
1786 0.55393 0.193167  0.252903
4831 0.538191 0.0636274  0.398182
3717 0.0229202 0.41648  0.560599
4521 0.380056 0.274442  0.345503
3978 0.201231 0.444505  0.354264
1122 0.0553424 0.39654  0.548117
7990 0.644397 0.110351  0.245252
8020 0.33823 0.151007  0.510762
1794 0.397828 0.494844  0.107328
2842 0.693276 0.0239406  0.282784
5030 0.379177 0.407453  0.21337
8449 0.23831 0.449343  0.312347
9386 0.145229 0.338034  0.516736
8898 0.280932 0.295939  0.423129
1842 0.694237 0.168923  0.13684
6190 0.226718 0.338465  0.434816
1123 0.32335 0.360639  0.31601
57 0.301782 0.507049  0.191169
2579 0.0947693 0.812271  0.0929599
9294 0.27692 0.316283  0.406797
8606 0.163698 0.252367  0.583935
4101 0.120579 0.547827  0.331594
266 0.344823 0.359632  0.295546
7403 0.38509 0.385796  0.229114
4922 0.378035 0.166692  0.455272
3174 0.821003 0.162677  0.0163196
1412 0.552259 0.422288  0.025453
6329 0.717017 0.0382712  0.244712
2238 0.645065 0.0819223  0.273013
7693 0.433027 0.230995  0.335978
8606 0.127432 0.493707  0.378861
5135 0.771769 0.131234  0.0969963
5684 0.0385961 0.688912  0.272492
2617 0.418269 0.291062  0.290669
6091 0.346125 0.252373  0.401502
7382 0.297678 0.581727  0.120595
4269 0.445981 0.178582  0.375437
7053 0.216556 0.428286  0.355158
6176 0.339129 0.149385  0.511485
2432 0.349145 0.415709  0.235146
5082 0.26998 0.408096  0.321925
3340 0.193932 0.231396  0.574671
3538 0.481575 0.460053  0.0583723
781 0.184234 0.441097  0.37467
8104 0.30795 0.204782  0.487268
5225 0.327814 0.458323  0.213863
3881 0.40453 0.0911965  0.504273
7594 0.732029 0.0754535  0.192518
2857 0.555137 0.417763  0.0270992
4121 0.187975 0.173242  0.638784
996 0.825735 0.125362  0.0489025
3838 0.302081 0.401861  0.296058
8321 0.606957 0.258984  0.134058
9826 0.556345 0.0662512  0.377404
4288 0.038749 0.321464  0.639787
9245 0.517758 0.152214  0.330027
3846 0.260426 0.23914  0.500433
6841 0.34242 0.451285  0.206295
6024 0.099438 0.475012  0.42555
6135 0.269933 0.44031  0.289757
5370 0.458506 0.48917  0.0523243
3177 0.630636 0.356457  0.0129069
3763 0.136115 0.349652  0.514233
4552 0.0830819 0.505501  0.411417
1372 0.211868 0.547421  0.240711
1013 0.649996 0.100256  0.249748
3263 0.613923 0.237152  0.148925
6201 0.179898 0.536857  0.283245
7655 0.410644 0.408467  0.180889
3905 0.472735 0.37199  0.155275
3458 0.327399 0.377937  0.294664
8984 0.19092 0.508854  0.300226
42 0.469862 0.309085  0.221053
9267 0.365221 0.258089  0.376689
1229 0.144245 0.429227  0.426528
2291 0.0804349 0.318285  0.60128
7132 0.042193 0.689425  0.268382
7584 0.162723 0.505882  0.331396
4556 0.00935767 0.724155  0.266488
8592 0.595384 0.159695  0.244921
3101 0.24328 0.438983  0.317737
8729 0.384474 0.201315  0.414211
6325 0.626666 0.338579  0.0347541
9511 0.337121 0.327576  0.335303
911 0.893163 0.091393  0.0154439
8800 0.209142 0.462603  0.328254
1978 0.142632 0.058388  0.79898
2765 0.440828 0.330216  0.228955
2158 0.528397 0.165575  0.306028
2951 0.0129829 0.477862  0.509155
8008 0.398874 0.395654  0.205471
8217 0.64203 0.232512  0.125458
6084 0.38245 0.399686  0.217864
4561 0.185934 0.233209  0.580856
1775 0.0226199 0.494526  0.482854
782 0.750033 0.209093  0.0408733
8171 0.100565 0.859518  0.0399165
8567 0.37878 0.259677  0.361543
436 0.358757 0.269912  0.371331
1519 0.294407 0.14862  0.556973
3252 0.310969 0.0962551  0.592776
6709 0.455063 0.051376  0.493561
7685 0.180417 0.379528  0.440056
7821 0.200082 0.405923  0.393994
6119 0.184249 0.490166  0.325585
4650 0.540507 0.212848  0.246645
3519 0.594334 0.306818  0.0988477
944 0.355153 0.057168  0.587679
467 0.366529 0.275597  0.357873
7265 0.132583 0.134444  0.732973
1762 0.375154 0.316697  0.308149
7047 0.162929 0.320688  0.516382
2097 0.167835 0.689751  0.142414
5200 0.34311 0.589981  0.0669088
4475 0.500783 0.0659304  0.433287
2708 0.320382 0.42502  0.254598
5490 0.335454 0.269782  0.394763
2202 0.442661 0.546906  0.0104327
1976 0.374195 0.33212  0.293684
7730 0.185414 0.46665  0.347936
1951 0.0150478 0.512524  0.472428
4804 0.466479 0.459152  0.0743687
5844 0.728197 0.0934961  0.178307
4176 0.245731 0.436906  0.317363
2511 0.261926 0.669607  0.0684667
7331 0.092138 0.366241  0.541621
6274 0.388982 0.0936482  0.51737
1259 0.15595 0.421504  0.422547
4508 0.122553 0.408582  0.468866
7890 0.516448 0.427537  0.0560147
2760 0.583987 0.143336  0.272677
6926 0.212291 0.386942  0.400766
3047 0.135705 0.726358  0.137938
4222 0.487876 0.041338  0.470786
3684 0.543347 0.2444  0.212252
3919 0.322431 0.180973  0.496596
4894 0.822056 0.0635376  0.114406
425 0.686205 0.0251484  0.288647
1066 0.402566 0.430819  0.166616
2597 0.0731033 0.615829  0.311068
1802 0.490855 0.255575  0.25357
7136 0.0834525 0.690545  0.226002
9413 0.412976 0.541511  0.0455127
6248 0.272776 0.536875  0.19035
2546 0.211259 0.361486  0.427255
4610 0.345127 0.447805  0.207067
727 0.504951 0.0724643  0.422584
5216 0.108938 0.538451  0.352611
9267 0.388376 0.38183  0.229794
246 0.381386 0.00985146  0.608763
8768 0.413033 0.120962  0.466005
267 0.459683 0.277875  0.262443
9869 0.22692 0.471316  0.301765
8522 0.282847 0.0118011  0.705352
1509 0.522236 0.34918  0.128585
5619 0.328537 0.42229  0.249173
6967 0.44564 0.207566  0.346794
5362 0.0569482 0.471286  0.471766
6106 0.394034 0.0190546  0.586911
993 0.206945 0.516135  0.276919
4628 0.0649233 0.29413  0.640947
7118 0.179879 0.223957  0.596165
4955 0.453597 0.394751  0.151652
2385 0.533743 0.202773  0.263485
613 0.174421 0.319619  0.505961
1856 0.351236 0.228052  0.420711
349 0.302807 0.416896  0.280297
9663 0.271092 0.415192  0.313716
5318 0.42569 0.434501  0.139809
5950 0.215287 0.358924  0.425789
7037 0.188202 0.498871  0.312927
5464 0.0134141 0.0854104  0.901176
3918 0.308799 0.256044  0.435157
4869 0.067875 0.659735  0.27239
5214 0.300932 0.680454  0.018614
7698 0.644658 0.0389259  0.316416
7657 0.421632 0.187097  0.391271
698 0.178328 0.655622  0.16605
7142 0.136141 0.523627  0.340232
5751 0.322393 0.509357  0.16825
3843 0.156434 0.446314  0.397252
5798 0.418491 0.248346  0.333163
667 0.520392 0.283491  0.196117
4275 0.263037 0.295244  0.441719
4234 0.182921 0.299211  0.517868
6209 0.338379 0.214828  0.446793
9009 0.0211141 0.533782  0.445104
7261 0.688934 0.168556  0.14251
3822 0.274615 0.382858  0.342527
3244 0.309332 0.460352  0.230316
2719 0.144433 0.253217  0.60235
3964 0.400091 0.233868  0.366042
7207 0.367899 0.151103  0.480998
3434 0.373834 0.134858  0.491308
7275 0.210805 0.427893  0.361302
6344 0.750733 0.204519  0.0447485
7636 0.219356 0.548111  0.232533
3910 0.716578 0.0522574  0.231165
8282 0.207084 0.157088  0.635829
7320 0.278527 0.0322634  0.689209
2722 0.0365025 0.565257  0.398241
3799 0.657964 0.153451  0.188584
5909 0.110683 0.138971  0.750346
1830 0.761994 0.0345759  0.20343
5019 0.0357792 0.56536  0.398861
5504 0.289023 0.617783  0.093194
8983 0.22977 0.378787  0.391443
4316 0.110275 0.686938  0.202786
8779 0.36043 0.0985132  0.541056
2023 0.37992 0.28762  0.332461
2076 0.0820873 0.267594  0.650319
3112 0.254113 0.449838  0.296049
4040 0.252857 0.291581  0.455562
8146 0.0645411 0.535716  0.399742
5941 0.459333 0.132337  0.40833
6949 0.0230106 0.417601  0.559389
4491 0.477466 0.0830873  0.439446
7980 0.380095 0.349442  0.270463
2270 0.689526 0.21399  0.0964842
190 0.380871 0.183289  0.435841
7068 0.355422 0.158859  0.485719
9808 0.15027 0.8349  0.0148298
8080 0.100591 0.508053  0.391356
7133 0.729148 0.11147  0.159383
3164 0.575226 0.0834821  0.341292
5704 0.255457 0.0406039  0.703939
4247 0.193026 0.256047  0.550927
8801 0.384527 0.531917  0.0835564
3911 0.274911 0.209225  0.515864
7117 0.608989 0.245373  0.145638
9784 0.0829247 0.334482  0.582593
3522 0.438885 0.183696  0.377419
6462 0.106618 0.709487  0.183895
884 0.432713 0.441438  0.125849
281 0.0767215 0.377621  0.545657
1276 0.335909 0.605532  0.0585597
7030 0.298902 0.302642  0.398456
4359 0.589006 0.020752  0.390242
9906 0.390547 0.356544  0.252909
2464 0.398792 0.563137  0.0380715
3010 0.290176 0.325952  0.383872
6010 0.0592284 0.624985  0.315787
5836 0.27502 0.276812  0.448168
9411 0.255619 0.353754  0.390627
5127 0.454941 0.498352  0.0467067
4888 0.554347 0.174475  0.271178
3091 0.229747 0.416072  0.354181
9241 0.385291 0.336914  0.277795
7106 0.267909 0.148836  0.583256
5872 0.172905 0.418577  0.408517
2244 0.225462 0.701838  0.0727003
3047 0.415162 0.27013  0.314708
8486 0.0853563 0.681021  0.233622
15 0.311779 0.224002  0.464219
2893 0.281018 0.262893  0.456088
2576 0.334432 0.583966  0.0816021
2863 0.268599 0.0229967  0.708405
7293 0.48801 0.195944  0.316046
2190 0.120168 0.502292  0.37754
4388 0.423411 0.200668  0.375921
2617 0.0983532 0.2682  0.633447
3014 0.0675785 0.514063  0.418358
2951 0.224812 0.0420973  0.733091
74 0.193747 0.375749  0.430504
7529 0.380891 0.270972  0.348137
1629 0.607313 0.207546  0.18514
8627 0.150649 0.389915  0.459435
3646 0.524154 0.26452  0.211326
3400 0.0788569 0.2448  0.676343
179 0.203655 0.226911  0.569434
3639 0.0625609 0.478784  0.458655
5474 0.277925 0.40075  0.321325
1187 0.465113 0.502784  0.0321029
754 0.467136 0.330065  0.202799
208 0.156743 0.397292  0.445965
2135 0.487969 0.304776  0.207255
1044 0.237236 0.663849  0.098915
4495 0.452591 0.202288  0.345122
6689 0.148014 0.331777  0.520209
9637 0.463616 0.391254  0.14513
4670 0.0703384 0.420986  0.508676
5453 0.0402447 0.435944  0.523811
5286 0.166193 0.308948  0.52486
7229 0.181195 0.395789  0.423016
5338 0.303349 0.420932  0.275719
8487 0.203922 0.272616  0.523462
3639 0.168937 0.465221  0.365843
559 0.160583 0.546956  0.292461
4640 0.167232 0.263941  0.568827
9275 0.331905 0.429801  0.238295
7066 0.21922 0.361192  0.419588
4707 0.589875 0.117715  0.292409
29 0.360227 0.333722  0.30605
747 0.318246 0.611214  0.0705404
3208 0.774678 0.214411  0.0109103
7108 0.221805 0.529741  0.248454
6888 0.413263 0.159868  0.426869
1491 0.50211 0.0571353  0.440755
4851 0.184758 0.57105  0.244192
1687 0.306621 0.358583  0.334796
6844 0.274551 0.39488  0.330569
6654 0.496567 0.110868  0.392565
2316 0.480691 0.157306  0.362002
6068 0.0578792 0.32622  0.6159
5756 0.295336 0.204166  0.500498
7517 0.125021 0.121523  0.753456
4751 0.30338 0.433465  0.263155
7694 0.284507 0.504918  0.210575
1613 0.479853 0.0140643  0.506083
49 0.105323 0.125506  0.769171
6016 0.228928 0.304488  0.466584
6547 0.424478 0.524594  0.0509279
2953 0.255618 0.421576  0.322806
9909 0.456401 0.361847  0.181752
956 0.312111 0.396564  0.291325
7853 0.110034 0.315079  0.574888
7713 0.457671 0.233635  0.308695
3065 0.26664 0.156899  0.576461
1153 0.1497 0.425988  0.424312
1659 0.370447 0.373364  0.256189
2108 0.22377 0.373984  0.402246
2244 0.28899 0.356841  0.354169
2675 0.2632 0.265672  0.471128
1501 0.307018 0.415013  0.277969
1661 0.129724 0.394176  0.4761
9853 0.342618 0.588378  0.0690046
8553 0.373132 0.250013  0.376855
7705 0.16708 0.230058  0.602862
2426 0.310815 0.603231  0.0859542
8910 0.0164641 0.769833  0.213703
3707 0.385609 0.266369  0.348022
3621 0.609049 0.300718  0.0902334
7230 0.469839 0.205025  0.325136
7343 0.267623 0.0125869  0.71979
385 0.265666 0.406664  0.32767
9525 0.430274 0.160327  0.409399
8479 0.435741 0.250175  0.314083
5217 0.263735 0.268322  0.467942
6556 0.256581 0.133679  0.60974
4137 0.694418 0.0956896  0.209893
1143 0.383744 0.0324002  0.583856
766 0.193841 0.511437  0.294723
2769 0.290781 0.459385  0.249835
2140 0.522772 0.377899  0.0993288
9379 0.357588 0.359277  0.283134
1221 0.263185 0.105513  0.631303
9287 0.357465 0.397195  0.24534
7270 0.804154 0.072545  0.123301
7288 0.375921 0.36966  0.254419
5437 0.459563 0.290437  0.25
7790 0.0959645 0.114586  0.78945
1151 0.268806 0.266104  0.46509
2155 0.374888 0.310689  0.314423
508 0.0955227 0.38396  0.520517
7699 0.270845 0.335147  0.394009
9181 0.00673478 0.623686  0.369579
2169 0.444932 0.195539  0.359529
3132 0.734728 0.148758  0.116514
8770 0.0534793 0.0215658  0.924955
8487 0.183711 0.732858  0.0834316
7535 0.552046 0.366119  0.0818355
8888 0.49033 0.468334  0.0413365
289 0.195819 0.182928  0.621253
6559 0.201894 0.675863  0.122243
9801 0.159268 0.701721  0.139011
6867 0.335323 0.22104  0.443636
2378 0.289997 0.456038  0.253965
5700 0.0568136 0.696106  0.24708
8598 0.264434 0.378725  0.356841
1305 0.426299 0.394955  0.178746
6106 0.381677 0.0514878  0.566835
3229 0.277761 0.581586  0.140654
5661 0.342856 0.209766  0.447378
6371 0.219492 0.445411  0.335097
8846 0.271394 0.400252  0.328354
3768 0.470579 0.34435  0.185071
263 0.0226868 0.303346  0.673968
5049 0.331216 0.296626  0.372158
9432 0.62268 0.138658  0.238662
7613 0.0465851 0.0857132  0.867702
4231 0.455565 0.093342  0.451093
5891 0.274365 0.396474  0.329162
6164 0.370327 0.172527  0.457146
412 0.323809 0.594358  0.0818329
2832 0.44811 0.442575  0.109315
3138 0.280106 0.393153  0.326741
4446 0.430772 0.159326  0.409902
7969 0.22382 0.711688  0.0644912
1465 0.114726 0.641431  0.243843
368 0.0204189 0.133627  0.845954
2431 0.367967 0.482802  0.149231
3573 0.37585 0.409712  0.214438
8726 0.415077 0.54627  0.0386531
5105 0.0889682 0.375139  0.535893
6566 0.304583 0.192475  0.502942
8622 0.364803 0.30964  0.325558
1510 0.15711 0.313044  0.529845
3908 0.172139 0.369332  0.458529
2705 0.122229 0.242863  0.634909
3101 0.416731 0.0772622  0.506007
233 0.0493139 0.0869422  0.863744
5580 0.406518 0.170806  0.422676
6287 0.542512 0.151564  0.305924
4040 0.37535 0.318659  0.305991
1068 0.364364 0.460394  0.175241
9002 0.0558004 0.343237  0.600963
4258 0.481418 0.333262  0.18532
7673 0.24954 0.593722  0.156738
8550 0.108675 0.35957  0.531755
2014 0.399984 0.332877  0.267138
6647 0.358775 0.59299  0.0482354
4055 0.404065 0.464105  0.13183
5458 0.579814 0.163084  0.257102
5208 0.264436 0.662205  0.0733586
5807 0.546351 0.409173  0.0444761
9887 0.536765 0.124988  0.338247
1168 0.137512 0.412134  0.450354
8946 0.585189 0.315943  0.0988678
5710 0.648824 0.0753145  0.275862
6773 0.263387 0.535705  0.200907
2958 0.517109 0.215114  0.267777
8784 0.198561 0.554077  0.247362
5073 0.383932 0.324556  0.291512
6887 0.176922 0.519608  0.30347
3202 0.212744 0.242199  0.545058
3122 0.0661409 0.578618  0.355241
1006 0.628367 0.10487  0.266764
2517 0.045218 0.22267  0.732112
1071 0.490246 0.00862851  0.501126
4653 0.214976 0.152499  0.632525
1290 0.312873 0.411346  0.275781
733 0.480976 0.0455576  0.473466
9602 0.430098 0.293884  0.276017
3037 0.291198 0.0637127  0.64509
9891 0.402838 0.150002  0.44716
5582 0.195303 0.23266  0.572038
669 0.516638 0.0623229  0.421039
5988 0.219852 0.169529  0.610618
4677 0.418932 0.450907  0.13016
1840 0.136682 0.194929  0.668389
3084 0.398611 0.362001  0.239388
725 0.351692 0.128327  0.51998
981 0.212592 0.434658  0.352751
7004 0.197549 0.447193  0.355258
2368 0.466493 0.294497  0.239011
7907 0.441804 0.11578  0.442417
1643 0.150725 0.0210439  0.828231
2351 0.402762 0.360927  0.236312
736 0.286047 0.516129  0.197824
7501 0.246326 0.524403  0.229272
3231 0.198349 0.672957  0.128693
5157 0.273945 0.431441  0.294614
1863 0.215123 0.49105  0.293826
8943 0.439422 0.509175  0.0514029
7123 0.383392 0.193396  0.423212
5529 0.452038 0.436507  0.111455
6778 0.521698 0.23986  0.238442
3061 0.278038 0.0927954  0.629166
4315 0.357243 0.297231  0.345526
7380 0.407132 0.345851  0.247017
4857 0.408956 0.443543  0.147501
5004 0.361483 0.285593  0.352924
2336 0.116984 0.422694  0.460322
820 0.240234 0.285272  0.474494
4319 0.405262 0.0469131  0.547825
6328 0.437914 0.4175  0.144585
6620 0.362535 0.195241  0.442224
9500 0.027167 0.570342  0.402491
2778 0.152393 0.722406  0.125201
2709 0.238774 0.585893  0.175332
9605 0.142532 0.473706  0.383763
7752 0.374903 0.235239  0.389858
4027 0.578563 0.146379  0.275057
837 0.417009 0.232141  0.35085
4002 0.658748 0.224478  0.116774
5564 0.469045 0.438209  0.0927455
8699 0.207335 0.496871  0.295794
4899 0.0502189 0.269706  0.680075
1789 0.46466 0.141183  0.394157
6113 0.152817 0.232999  0.614184
9545 0.308182 0.269409  0.422409
2788 0.244714 0.578915  0.176371
5379 0.237043 0.217123  0.545833
7296 0.12729 0.0198005  0.85291
2252 0.601442 0.345153  0.053405
4960 0.380417 0.0128298  0.606754
1564 0.288604 0.421326  0.29007
2166 0.637492 0.282035  0.0804727
1890 0.287221 0.381515  0.331264
2515 0.424907 0.362919  0.212174
8842 0.128505 0.394929  0.476566
2670 0.295566 0.245132  0.459302
5877 0.304471 0.236188  0.45934
3928 0.171525 0.0367427  0.791732
2285 0.465692 0.0193044  0.515004
2313 0.0475122 0.470166  0.482322
698 0.0868088 0.509189  0.404003
8768 0.540885 0.202177  0.256938
2838 0.538439 0.416108  0.0454529
2563 0.442567 0.455868  0.101566
9914 0.367654 0.264498  0.367847
5800 0.464401 0.393473  0.142126
9669 0.0660471 0.14985  0.784103
4928 0.301328 0.523193  0.175479
2576 0.428983 0.383298  0.187719
5988 0.0640971 0.578972  0.356931
7704 0.310465 0.045582  0.643953
9993 0.395033 0.0684637  0.536503
8330 0.145776 0.414262  0.439962
6044 0.44671 0.183579  0.36971
5180 0.534923 0.428548  0.036529
6660 0.255241 0.149327  0.595432
7983 0.0297869 0.457274  0.512939
5631 0.286518 0.61025  0.103231
4873 0.552595 0.314266  0.133139
4115 0.438905 0.380705  0.18039
5596 0.293253 0.196576  0.510171
8603 0.454254 0.213992  0.331755
1456 0.541964 0.147175  0.310862
7838 0.266141 0.349467  0.384391
5063 0.113977 0.783926  0.102097
9496 0.670632 0.158605  0.170763
5574 0.42393 0.193549  0.382521
207 0.274088 0.140514  0.585397
870 0.464887 0.501079  0.0340333
5731 0.274752 0.171154  0.554094
7162 0.4284 0.469239  0.102361
3557 0.0236431 0.452503  0.523854
311 0.240157 0.424039  0.335804
7219 0.154224 0.781842  0.0639341
7414 0.512249 0.405041  0.0827096
708 0.0745367 0.198251  0.727212
4001 0.0838307 0.807124  0.109045
5364 0.43251 0.308242  0.259248
4905 0.413869 0.308056  0.278075
2181 0.407225 0.36398  0.228795
7873 0.356218 0.345522  0.29826
6638 0.777828 0.154638  0.067534
1841 0.58153 0.115912  0.302559
3852 0.402635 0.396958  0.200407
3112 0.0259315 0.634548  0.33952
3330 0.39833 0.321465  0.280205
9959 0.409681 0.557113  0.0332064
372 0.0133705 0.311999  0.67463
7128 0.516423 0.16784  0.315737
6819 0.428303 0.191224  0.380473
6636 0.167836 0.304811  0.527353
6109 0.276529 0.375206  0.348264
7944 0.365024 0.166949  0.468027
2049 0.52267 0.119329  0.358001
8179 0.165582 0.293281  0.541137
5322 0.398438 0.177299  0.424264
5305 0.381964 0.315659  0.302377
4477 0.241095 0.433237  0.325668
2007 0.152459 0.428084  0.419456
6684 0.436395 0.33679  0.226814
8131 0.657866 0.176903  0.165231
3139 0.42483 0.55464  0.02053
956 0.530787 0.204502  0.264712
4542 0.471274 0.446682  0.0820438
9276 0.274283 0.548864  0.176853
4687 0.149213 0.293641  0.557146
833 0.342008 0.147139  0.510853
26 0.0608701 0.283187  0.655942
7246 0.0213152 0.705627  0.273057
8358 0.309359 0.344395  0.346246
2928 0.302052 0.312772  0.385176
1148 0.223225 0.0375143  0.73926
5368 0.39607 0.476542  0.127388
2350 0.101909 0.446808  0.451283
1177 0.224667 0.502017  0.273316
8723 0.346166 0.471997  0.181837
484 0.521584 0.29123  0.187186
3568 0.434115 0.358248  0.207637
9749 0.181926 0.338766  0.479308
6383 0.0133997 0.567126  0.419474
5328 0.65893 0.0472537  0.293816
32 0.345142 0.449483  0.205375
5522 0.347979 0.332449  0.319572
6475 0.891948 0.0774775  0.0305741
8349 0.517904 0.280671  0.201425
165 0.5686 0.208831  0.222568
9666 0.328825 0.284556  0.386619
1058 0.125016 0.447666  0.427319
1199 0.596006 0.0706228  0.333371
4591 0.232244 0.426282  0.341474
355 0.318109 0.578429  0.103462
8008 0.255238 0.289629  0.455133
6526 0.446728 0.0987971  0.454475
405 0.402094 0.4581  0.139806
2474 0.309127 0.34312  0.347753
415 0.0487609 0.720262  0.230978
5878 0.242608 0.503933  0.253459
3140 0.340885 0.532406  0.12671
1671 0.391591 0.454775  0.153634
896 0.407604 0.392657  0.199738
7622 0.29161 0.280511  0.427879
1329 0.0883225 0.2439  0.667778
5599 0.116358 0.718281  0.165361
8950 0.155575 0.262227  0.582199
3913 0.410064 0.349922  0.240014
5124 0.147151 0.437072  0.415776
4275 0.280817 0.409792  0.309391
5109 0.428491 0.277794  0.293715
1084 0.0418514 0.387415  0.570734
1198 0.367081 0.374517  0.258402
3301 0.340354 0.23274  0.426905
1220 0.311201 0.320494  0.368304
6915 0.36252 0.446583  0.190897
3567 0.238959 0.507808  0.253232
4274 0.473919 0.219004  0.307077
3599 0.352271 0.341184  0.306545
6214 0.427037 0.542943  0.0300203
3373 0.690106 0.0829842  0.22691
6373 0.242386 0.404432  0.353182
8329 0.425302 0.272806  0.301893
9002 0.496402 0.0860342  0.417564
5043 0.0896391 0.0972858  0.813075
4487 0.178507 0.094545  0.726948
865 0.287095 0.119281  0.593624
1444 0.135798 0.466733  0.397469
4919 0.407415 0.26918  0.323405
4484 0.419391 0.228845  0.351764
3177 0.263434 0.402366  0.3342
7609 0.47514 0.153992  0.370867
6606 0.233417 0.227013  0.539569
6025 0.653286 0.00815909  0.338555
794 0.414709 0.0117807  0.57351
7714 0.117838 0.42139  0.460771
2405 0.244567 0.457382  0.298051
7627 0.380489 0.375626  0.243885
1476 0.513845 0.0990146  0.387141
4272 0.477796 0.392886  0.129318
2115 0.303521 0.512316  0.184163
1036 0.0800171 0.427857  0.492126
6012 0.531148 0.126235  0.342617
7579 0.308939 0.535183  0.155878
1024 0.24793 0.298481  0.453589
1732 0.0497257 0.549356  0.400918
9736 0.38918 0.344945  0.265875
83 0.46421 0.526245  0.00954527
5223 0.225977 0.580605  0.193418
1386 0.744286 0.0160914  0.239623
4082 0.613354 0.189557  0.197089
9084 0.529695 0.36107  0.109235
1725 0.444126 0.360811  0.195063
1728 0.39251 0.388283  0.219206
983 0.427999 0.485966  0.0860355
951 0.345864 0.282583  0.371553
2861 0.460273 0.181483  0.358244
9563 0.266173 0.444669  0.289158
4924 0.180221 0.808176  0.011603
3818 0.771939 0.199733  0.0283273
2238 0.284381 0.380413  0.335206
590 0.0168609 0.345973  0.637166
6437 0.383165 0.351293  0.265542
107 0.294735 0.676132  0.029133
3695 0.0105327 0.401671  0.587796
4292 0.62023 0.276961  0.102808
6131 0.302093 0.126326  0.571581
2358 0.331675 0.427687  0.240638
5419 0.481226 0.0599914  0.458783
4617 0.0918987 0.431619  0.476483
5024 0.310323 0.269682  0.419995
6630 0.626243 0.176092  0.197665
7961 0.526658 0.40533  0.0680126
3 0.0576384 0.139209  0.803153
9859 0.190048 0.087816  0.722136
1831 0.290061 0.289653  0.420286
1076 0.313865 0.386909  0.299226
5449 0.205033 0.273094  0.521874
8226 0.365129 0.0648268  0.570044
3539 0.245591 0.517301  0.237109
3169 0.326701 0.327829  0.34547
8374 0.088178 0.483717  0.428105
5568 0.369923 0.449889  0.180188
922 0.2534 0.193318  0.553282
5797 0.337228 0.646598  0.0161748
7592 0.348575 0.223753  0.427673
4266 0.265996 0.361023  0.372981
2015 0.11298 0.159426  0.727595
9187 0.151143 0.356647  0.49221
7244 0.461875 0.508335  0.0297905
7641 0.397444 0.272985  0.329571
7806 0.391475 0.260053  0.348472
6548 0.101944 0.3782  0.519856
2603 0.475985 0.0642585  0.459757
6290 0.360924 0.343519  0.295557
2968 0.298907 0.594984  0.106109
722 0.285916 0.160753  0.553332
9261 0.303851 0.362436  0.333713
6360 0.188549 0.491822  0.319629
6209 0.236328 0.102235  0.661437
1740 0.028787 0.520556  0.450657
129 0.496607 0.323388  0.180005
757 0.223479 0.613544  0.162977
8217 0.456343 0.0437032  0.499954
8623 0.34379 0.137308  0.518902
6231 0.288986 0.406678  0.304336
2459 0.290346 0.241215  0.46844
1973 0.215571 0.251008  0.533421
5488 0.504019 0.146384  0.349597
3111 0.342843 0.366689  0.290469
8843 0.224661 0.576514  0.198825
6466 0.233287 0.710183  0.0565303
9661 0.261864 0.344804  0.393332
8703 0.338883 0.250409  0.410708
9361 0.115033 0.636116  0.248851
9257 0.39386 0.275431  0.330709
887 0.372148 0.193805  0.434046
3852 0.15904 0.471957  0.369003
9999 0.619393 0.340176  0.0404306
8719 0.202273 0.165853  0.631874
2240 0.140204 0.157933  0.701863
6121 0.4683 0.294077  0.237623
5497 0.506197 0.0780617  0.415741
8458 0.401933 0.483249  0.114818
4835 0.26773 0.0543504  0.677919
415 0.26888 0.257157  0.473963
5098 0.345361 0.586628  0.0680109
641 0.44155 0.238359  0.32009
3712 0.33002 0.55293  0.11705
3613 0.307018 0.297932  0.39505
5541 0.437149 0.317267  0.245584
2064 0.216647 0.399245  0.384108
3323 0.242708 0.246754  0.510539
3459 0.0378175 0.606234  0.355948
5552 0.0882826 0.470141  0.441577
1836 0.39025 0.424651  0.185099
3230 0.10278 0.681212  0.216008
608 0.546926 0.197082  0.255992
1756 0.386873 0.234206  0.378921
1456 0.722017 0.129782  0.148201
7302 0.323509 0.42273  0.253761
8701 0.304348 0.357596  0.338056
504 0.569601 0.358981  0.0714181
4211 0.136988 0.690204  0.172808
3183 0.163159 0.517257  0.319584
4362 0.527744 0.316825  0.155431
3180 0.298047 0.331557  0.370396
3743 0.35049 0.339589  0.309922
8914 0.311087 0.0502406  0.638673
4766 0.310437 0.0837051  0.605858
6799 0.344817 0.478275  0.176907
6752 0.700199 0.273612  0.0261892
513 0.527102 0.33302  0.139879
7496 0.551139 0.210004  0.238857
6968 0.270318 0.17705  0.552632
9614 0.156944 0.201562  0.641494
9521 0.334139 0.178851  0.48701
6814 0.782139 0.119735  0.0981261
4179 0.0613021 0.595602  0.343096
6912 0.325253 0.246499  0.428248
2652 0.181573 0.14483  0.673597
8282 0.345927 0.370002  0.284071
5944 0.0571386 0.629287  0.313575
7970 0.435204 0.547035  0.0177613
5901 0.371723 0.419699  0.208579
8898 0.104092 0.30364  0.592268
6872 0.321048 0.365488  0.313464
2421 0.126104 0.61358  0.260316
7057 0.225805 0.227  0.547195
4838 0.496588 0.154782  0.348631
8203 0.863831 0.028435  0.107734
6142 0.334914 0.292365  0.372722
1379 0.228033 0.468651  0.303316
156 0.160908 0.244721  0.594371
1838 0.316781 0.277373  0.405846
7204 0.290716 0.279194  0.43009
2641 0.49051 0.315424  0.194066
4336 0.381052 0.541171  0.0777762
4550 0.188025 0.408645  0.403329
3473 0.415764 0.557502  0.0267337
2384 0.0468347 0.698188  0.254977
7723 0.393806 0.273997  0.332197
5705 0.0970697 0.0554715  0.847459
7961 0.306972 0.30185  0.391179
4355 0.53985 0.0667827  0.393367
4467 0.288399 0.30096  0.410642
6082 0.0714176 0.0873511  0.841231
914 0.37305 0.464803  0.162146
680 0.536216 0.271623  0.192161
8171 0.213091 0.248127  0.538783
6460 0.306537 0.575739  0.117724
5604 0.151339 0.37127  0.477391
2968 0.352806 0.443828  0.203366
360 0.634259 0.355341  0.0104009
752 0.201389 0.123685  0.674926
6088 0.413377 0.15739  0.429233
1232 0.0322286 0.895898  0.0718732
1969 0.482305 0.398263  0.119432
4031 0.340553 0.294634  0.364814
6288 0.112431 0.547355  0.340214
4924 0.273262 0.487062  0.239675
2288 0.104708 0.267487  0.627805
9859 0.07495 0.385053  0.539997
2588 0.295865 0.241473  0.462662
6594 0.275924 0.370706  0.35337
5391 0.361768 0.308256  0.329976
5725 0.574656 0.224003  0.201341
8497 0.71035 0.115466  0.174184
8644 0.0966324 0.390924  0.512443
2420 0.180822 0.389651  0.429528
2909 0.152936 0.35172  0.495344
4846 0.402521 0.568536  0.0289434
5926 0.241238 0.48371  0.275052
1124 0.379814 0.181591  0.438595
816 0.154392 0.308803  0.536806
9678 0.325301 0.122708  0.551991
1004 0.481735 0.509994  0.00827136
8886 0.19545 0.46472  0.33983
4517 0.27957 0.403408  0.317022
7058 0.279968 0.111637  0.608395
9561 0.158663 0.327137  0.514201
743 0.135737 0.299018  0.565245
9486 0.654891 0.211852  0.133257
6281 0.231035 0.250091  0.518874
8832 0.243192 0.422083  0.334725
9297 0.446929 0.108504  0.444567
6238 0.281945 0.516547  0.201508
9282 0.346043 0.260309  0.393647
451 0.266117 0.0786744  0.655209
7364 0.134855 0.312912  0.552233
1789 0.195409 0.285849  0.518743
7815 0.0811613 0.354076  0.564762
3397 0.62624 0.143468  0.230292
3569 0.390215 0.246995  0.36279
2582 0.497255 0.12626  0.376485
5258 0.0566485 0.14707  0.796281
9751 0.220608 0.156453  0.622939
2861 0.58688 0.100315  0.312805
528 0.614607 0.0154236  0.369969
1807 0.4756 0.161927  0.362472
7265 0.860239 0.116315  0.0234469
4848 0.370288 0.400201  0.229511
2785 0.236232 0.573838  0.18993
9676 0.234317 0.288478  0.477204
3 0.438444 0.237883  0.323673
1140 0.417935 0.369199  0.212866
2609 0.403927 0.294954  0.301118
587 0.429509 0.553658  0.0168326
4809 0.631413 0.302401  0.0661859
183 0.193596 0.283492  0.522912
4762 0.42016 0.0345563  0.545284
4927 0.252648 0.0304466  0.716905
1131 0.367328 0.615613  0.0170591
7743 0.490593 0.445596  0.063811
7653 0.484918 0.429998  0.0850844
3192 0.103626 0.518096  0.378279
6245 0.523657 0.409102  0.0672406
7250 0.872515 0.0450999  0.082385
5940 0.403062 0.564298  0.0326406
9760 0.431684 0.314237  0.254079
5932 0.138199 0.809947  0.0518545
7937 0.350926 0.585141  0.0639332
2609 0.215199 0.386105  0.398696
8027 0.131614 0.35211  0.516276
3753 0.324783 0.161601  0.513616
5373 0.0628429 0.527502  0.409655
5994 0.298314 0.465785  0.235901
4844 0.432969 0.190819  0.376212
6906 0.490262 0.277113  0.232624
6975 0.390706 0.131044  0.47825
2683 0.342078 0.201906  0.456017
8455 0.301639 0.470035  0.228326
2360 0.356575 0.166577  0.476848
8114 0.395115 0.159696  0.445189
6578 0.331414 0.362323  0.306263
2114 0.71925 0.130976  0.149774
2659 0.060964 0.129763  0.809273
861 0.244007 0.375889  0.380104
1805 0.579433 0.0671407  0.353427
336 0.25262 0.0471681  0.700211
2139 0.331004 0.371416  0.29758
1509 0.504914 0.103554  0.391532
2830 0.515516 0.183187  0.301298
1067 0.381906 0.224839  0.393255
6907 0.106283 0.405559  0.488158
9853 0.499644 0.0297681  0.470587
6499 0.0221347 0.0464889  0.931376
2636 0.484289 0.195851  0.31986
5268 0.406006 0.263122  0.330872
5222 0.30746 0.482735  0.209805
2037 0.39996 0.403258  0.196782
6177 0.232649 0.332967  0.434384
5806 0.262157 0.0318397  0.706004
1383 0.236738 0.133615  0.629647
442 0.175335 0.437492  0.387172
1989 0.170401 0.291227  0.538372
4916 0.33189 0.0804028  0.587707
8025 0.299978 0.549157  0.150865
3663 0.407643 0.269077  0.32328
5851 0.224664 0.250927  0.524409
8044 0.0674452 0.576151  0.356404
7025 0.494957 0.0475839  0.457459
1371 0.366722 0.474302  0.158976
6844 0.421903 0.163003  0.415094
8506 0.1894 0.35056  0.46004
7107 0.144451 0.754028  0.101521
7174 0.36247 0.393321  0.24421
7879 0.0942687 0.3983  0.507431
4289 0.112697 0.259978  0.627325
6977 0.232732 0.344114  0.423155
722 0.345498 0.342213  0.312289
6197 0.399327 0.423111  0.177563
2783 0.445811 0.221228  0.332961
9908 0.246072 0.366059  0.38787
1144 0.257931 0.274424  0.467645
9746 0.146074 0.4122  0.441726
7662 0.421439 0.472138  0.106422
9461 0.403009 0.450594  0.146397
3511 0.0521846 0.689885  0.257931
1090 0.10402 0.727202  0.168778
3388 0.140543 0.556689  0.302769
1108 0.526079 0.438921  0.0350003
8760 0.260606 0.559984  0.17941
2857 0.302713 0.401331  0.295957
4907 0.339829 0.560157  0.100014
8034 0.523948 0.289178  0.186874
1850 0.0499731 0.265868  0.684159
6302 0.371755 0.458358  0.169886
6327 0.234975 0.302322  0.462703
3625 0.285298 0.48316  0.231542
7153 0.194523 0.467763  0.337715
4323 0.388067 0.401477  0.210456
8400 0.389439 0.371003  0.239558
4784 0.364767 0.264868  0.370365
9186 0.384819 0.176331  0.43885
8299 0.369732 0.430757  0.199511
4255 0.0759405 0.68546  0.2386
2373 0.309744 0.123677  0.56658
1258 0.541173 0.283749  0.175078
1260 0.500787 0.29183  0.207383
8339 0.472969 0.1192  0.407831
8725 0.127001 0.47712  0.395879
6663 0.399062 0.467711  0.133226
2039 0.478887 0.419382  0.101732
3732 0.387641 0.545408  0.0669509
1605 0.293598 0.221275  0.485127
1110 0.139021 0.460699  0.40028
739 0.450884 0.371959  0.177157
6538 0.32893 0.200368  0.470702
1661 0.0363956 0.487704  0.4759
2421 0.338068 0.262588  0.399344
2432 0.407185 0.309663  0.283153
7851 0.277153 0.185577  0.53727
7411 0.523115 0.0560153  0.42087
5685 0.663717 0.224633  0.11165
5909 0.683971 0.228547  0.0874815
8867 0.317637 0.437748  0.244614
102 0.447221 0.278511  0.274268
992 0.0721638 0.399804  0.528032
7840 0.357204 0.33936  0.303436
596 0.156541 0.230049  0.61341
3104 0.369246 0.352802  0.277953
8707 0.158699 0.566701  0.2746
6082 0.349413 0.130291  0.520296
1887 0.338836 0.399973  0.26119
2245 0.326538 0.129843  0.543619
6251 0.159264 0.692889  0.147846
6713 0.672615 0.0457112  0.281673
4089 0.41663 0.331595  0.251775
8240 0.0681105 0.532983  0.398906
1393 0.375433 0.350647  0.27392
2384 0.5318 0.16706  0.30114
5500 0.465155 0.348422  0.186423
4711 0.368096 0.187619  0.444284
5430 0.287752 0.506099  0.206148
4451 0.253636 0.227265  0.519099
1369 0.0473935 0.697539  0.255067
2050 0.111737 0.286973  0.601289
6172 0.487689 0.0506279  0.461683
7351 0.244136 0.318703  0.437161
1194 0.225816 0.343396  0.430788
436 0.216395 0.336288  0.447317
5507 0.126894 0.191279  0.681827
6721 0.25106 0.0713504  0.677589
9181 0.339831 0.362409  0.29776
240 0.389056 0.539892  0.071052
9591 0.626389 0.248576  0.125035
1948 0.218297 0.541269  0.240434
6371 0.381813 0.27072  0.347466
6863 0.654138 0.187272  0.15859
690 0.293788 0.338332  0.36788
1118 0.471695 0.4097  0.118605
5757 0.148423 0.441262  0.410315
4820 0.103833 0.502121  0.394046
3896 0.0577034 0.498057  0.444239
3986 0.393989 0.512049  0.0939612
3352 0.424191 0.540094  0.0357157
9691 0.90958 0.0234448  0.0669755
2692 0.315484 0.586067  0.0984485
4752 0.475231 0.0485629  0.476206
2084 0.522523 0.0736708  0.403806
999 0.39125 0.23909  0.36966
9483 0.542443 0.305572  0.151985
6172 0.307764 0.549733  0.142503
5543 0.3727 0.319608  0.307692
1036 0.211491 0.764054  0.024455
3032 0.199821 0.61196  0.18822
2141 0.207194 0.457297  0.335509
4432 0.259763 0.562496  0.17774
2146 0.552913 0.304104  0.142983
4816 0.632711 0.080038  0.287251
4557 0.539636 0.336752  0.123612
7267 0.19786 0.418345  0.383794
6124 0.419655 0.542954  0.0373911
6291 0.247619 0.226611  0.525769
6950 0.692701 0.0337035  0.273595
2867 0.312002 0.474952  0.213046
4704 0.515307 0.113391  0.371302
7515 0.251366 0.471116  0.277518
5701 0.429939 0.495664  0.0743961
1970 0.397562 0.11268  0.489758
5667 0.410388 0.47829  0.111322
5669 0.156176 0.578229  0.265595
5330 0.562467 0.272756  0.164777
9862 0.429101 0.411356  0.159542
2107 0.0373149 0.161566  0.801119
4307 0.237373 0.513974  0.248653
6107 0.44588 0.331317  0.222803
2385 0.166641 0.562184  0.271174
2677 0.224086 0.486277  0.289637
1369 0.363324 0.382519  0.254157
2904 0.268716 0.476349  0.254935
3986 0.338375 0.114692  0.546932
5589 0.408484 0.427238  0.164278
8982 0.448424 0.380836  0.17074
9559 0.132063 0.262008  0.605929
1052 0.0819614 0.152389  0.76565
9104 0.6043 0.366737  0.0289631
9017 0.65261 0.155831  0.191559
2683 0.397659 0.258842  0.3435
7133 0.480645 0.0455532  0.473802
6767 0.258526 0.375287  0.366187
2799 0.379697 0.064982  0.555321
5559 0.369726 0.253278  0.376996
1320 0.171122 0.380362  0.448516
4940 0.330426 0.515799  0.153776
2617 0.3739 0.167471  0.458628
7613 0.485113 0.174981  0.339906
3394 0.457071 0.258839  0.28409
5687 0.0267559 0.52453  0.448715
908 0.571694 0.345353  0.0829539
7940 0.364156 0.466349  0.169495
8918 0.430712 0.359563  0.209725
7112 0.358497 0.122096  0.519407
