2318 0.393055 0.52657  0.080375
591 0.288009 0.342165  0.369826
3749 0.387877 0.517296  0.0948273
3474 0.389779 0.220277  0.389944
3726 0.243694 0.266256  0.49005
636 0.243559 0.657739  0.0987015
1514 0.50623 0.202857  0.290913
2196 0.386137 0.115113  0.49875
2881 0.407891 0.49475  0.0973592
4062 0.376323 0.0670834  0.556594
2188 0.0797705 0.161295  0.758934
372 0.342814 0.0135569  0.643629
3261 0.254489 0.526041  0.219471
240 0.0227546 0.634472  0.342773
576 0.328588 0.0895422  0.58187
2851 0.24475 0.413778  0.341472
846 0.368511 0.334949  0.29654
3533 0.848355 0.136291  0.015354
4075 0.378881 0.197164  0.423955
162 0.609252 0.107572  0.283177
2063 0.0636086 0.586049  0.350343
760 0.121302 0.434174  0.444524
922 0.246655 0.183751  0.569594
3997 0.232436 0.205378  0.562187
220 0.766138 0.143459  0.0904032
2151 0.289754 0.347093  0.363153
3373 0.437423 0.0444402  0.518136
1182 0.0375713 0.843526  0.118903
991 0.029443 0.808283  0.162274
1398 0.551459 0.158565  0.289976
3827 0.385955 0.141756  0.472288
1062 0.328037 0.344279  0.327684
1369 0.484803 0.359434  0.155764
939 0.142942 0.342984  0.514074
1977 0.408336 0.145493  0.446171
751 0.376143 0.478415  0.145443
863 0.542154 0.408203  0.0496431
578 0.0629475 0.457048  0.480004
3544 0.542312 0.0641169  0.393571
658 0.40035 0.0550082  0.544642
1659 0.78284 0.0459085  0.171252
339 0.443627 0.373288  0.183084
2123 0.400138 0.379289  0.220573
3058 0.098194 0.442468  0.459338
580 0.411031 0.395996  0.192972
914 0.244675 0.211745  0.543579
681 0.411414 0.246889  0.341697
1612 0.488154 0.492589  0.0192566
4010 0.0143148 0.561623  0.424062
850 0.320747 0.324643  0.35461
2887 0.361542 0.22658  0.411877
2624 0.397937 0.53854  0.0635228
3661 0.553856 0.0829956  0.363149
3274 0.434532 0.355657  0.20981
3802 0.357698 0.245215  0.397086
1900 0.0253607 0.496067  0.478573
1470 0.288094 0.444441  0.267465
2809 0.169115 0.45194  0.378945
3500 0.461214 0.453278  0.0855077
2358 0.321172 0.428675  0.250153
3405 0.234804 0.213278  0.551919
2697 0.582458 0.162387  0.255155
939 0.344751 0.275541  0.379708
555 0.670398 0.239241  0.0903611
3864 0.832976 0.141877  0.0251475
3465 0.205343 0.565554  0.229103
1690 0.114089 0.435189  0.450722
573 0.513359 0.0363583  0.450283
637 0.64635 0.0228434  0.330807
1683 0.56295 0.0289701  0.40808
2845 0.559146 0.111381  0.329472
756 0.122249 0.199543  0.678208
2881 0.112704 0.331417  0.555878
3094 0.233019 0.116239  0.650742
3264 0.394829 0.301903  0.303268
2643 0.300159 0.306523  0.393317
4072 0.736956 0.114436  0.148608
3019 0.500912 0.337392  0.161696
1706 0.351711 0.35721  0.291079
966 0.0578943 0.362571  0.579534
3513 0.0960043 0.786161  0.117835
4055 0.52303 0.0471005  0.429869
1960 0.220314 0.205676  0.57401
2487 0.655568 0.181246  0.163186
2006 0.242885 0.0966125  0.660502
1351 0.217276 0.480489  0.302235
2835 0.540635 0.141499  0.317867
1806 0.0935428 0.242323  0.664134
2869 0.225805 0.523147  0.251047
529 0.43087 0.420858  0.148272
3373 0.259465 0.387993  0.352541
1706 0.208125 0.25812  0.533755
3068 0.287386 0.203068  0.509547
3377 0.715589 0.086548  0.197863
3018 0.458339 0.452305  0.0893564
1630 0.177299 0.622685  0.200016
1832 0.451141 0.420846  0.128013
869 0.194277 0.34308  0.462643
2874 0.548529 0.432015  0.019456
830 0.755931 0.226055  0.0180137
2623 0.386663 0.215821  0.397516
19 0.393766 0.0769777  0.529256
2443 0.31277 0.398207  0.289023
694 0.213464 0.735179  0.0513569
1754 0.630174 0.281149  0.0886769
2880 0.0736914 0.467248  0.459061
3323 0.557843 0.0927327  0.349424
922 0.0230839 0.111166  0.86575
1363 0.0934614 0.317802  0.588737
1569 0.218745 0.77118  0.0100752
3748 0.322771 0.412974  0.264255
700 0.392386 0.29664  0.310974
583 0.373347 0.0801356  0.546518
423 0.375889 0.283491  0.34062
3534 0.491207 0.174047  0.334745
1679 0.390944 0.25207  0.356986
570 0.179398 0.35357  0.467033
1384 0.45984 0.0193884  0.520772
2067 0.27924 0.569929  0.150831
1622 0.323237 0.632245  0.0445178
2410 0.362196 0.18281  0.454994
899 0.425904 0.46282  0.111275
1290 0.450724 0.374652  0.174624
1612 0.675231 0.0171997  0.30757
2511 0.678537 0.0263834  0.29508
2379 0.0427123 0.175368  0.78192
2466 0.534434 0.19681  0.268756
1815 0.1858 0.379886  0.434314
3218 0.286091 0.162908  0.551002
2082 0.506818 0.21594  0.277241
529 0.338639 0.375947  0.285414
2529 0.268219 0.17972  0.552061
967 0.274084 0.0774226  0.648493
632 0.796942 0.110315  0.0927428
599 0.415523 0.084728  0.499749
3411 0.13792 0.489581  0.372499
1211 0.31396 0.235975  0.450065
2110 0.532502 0.0631695  0.404329
3922 0.14887 0.799513  0.0516168
56 0.233866 0.477426  0.288708
1202 0.340856 0.387712  0.271432
3420 0.0540465 0.591379  0.354574
247 0.272226 0.315821  0.411953
625 0.382277 0.0333861  0.584337
3423 0.361067 0.292213  0.34672
2066 0.360802 0.388674  0.250524
2090 0.241034 0.366596  0.39237
3067 0.333642 0.221797  0.444561
574 0.0219205 0.77199  0.206089
3823 0.30868 0.315454  0.375866
2616 0.579763 0.0112081  0.409029
2363 0.109891 0.818124  0.0719849
1265 0.142427 0.330452  0.52712
1959 0.51187 0.243061  0.245069
854 0.268995 0.23146  0.499545
2760 0.196181 0.37003  0.433788
121 0.594284 0.0539714  0.351744
2843 0.605797 0.149674  0.244529
3038 0.119985 0.475668  0.404346
584 0.333538 0.347147  0.319315
2126 0.409584 0.222145  0.368271
570 0.578088 0.219199  0.202714
3857 0.331769 0.181141  0.48709
1567 0.25388 0.319204  0.426916
436 0.36257 0.454096  0.183334
3360 0.10113 0.277334  0.621536
1389 0.115446 0.657628  0.226926
1165 0.0219737 0.457937  0.520089
2028 0.452355 0.193298  0.354347
570 0.354244 0.275653  0.370103
1387 0.0880966 0.645092  0.266812
2476 0.115589 0.0879089  0.796503
3829 0.491504 0.306439  0.202057
3900 0.0288605 0.479689  0.49145
2084 0.286071 0.425988  0.287942
1419 0.304259 0.308147  0.387594
2051 0.500255 0.254304  0.245441
2384 0.16841 0.602777  0.228812
370 0.0909594 0.230289  0.678751
3471 0.331148 0.220262  0.44859
1207 0.0416609 0.755187  0.203152
3831 0.0196708 0.465268  0.515061
422 0.351283 0.468014  0.180703
1256 0.185856 0.0871891  0.726955
2166 0.135166 0.363257  0.501577
3288 0.570441 0.343032  0.0865273
2343 0.139872 0.643375  0.216753
632 0.346143 0.25041  0.403448
1659 0.48352 0.297903  0.218577
596 0.160928 0.702174  0.136897
2953 0.390166 0.241263  0.368571
986 0.250952 0.395009  0.354039
2714 0.147371 0.529222  0.323407
3625 0.677468 0.0674235  0.255108
3365 0.0143449 0.506972  0.478683
2992 0.500654 0.305399  0.193948
2290 0.153595 0.412331  0.434074
3325 0.395824 0.341143  0.263033
1960 0.684895 0.165057  0.150048
1392 0.0253625 0.422201  0.552437
2892 0.301792 0.580463  0.117744
3968 0.235243 0.468737  0.29602
2550 0.320168 0.263591  0.416241
736 0.539544 0.334975  0.125481
211 0.40137 0.372371  0.226258
353 0.440614 0.288807  0.270579
3809 0.506779 0.476597  0.0166239
1872 0.292495 0.347017  0.360489
172 0.0696457 0.624943  0.305412
1236 0.0282779 0.499146  0.472576
3546 0.110413 0.514772  0.374816
2878 0.157955 0.159571  0.682474
2228 0.546341 0.22537  0.228289
905 0.241908 0.410757  0.347335
2685 0.0881379 0.573869  0.337993
808 0.5518 0.0558249  0.392375
1124 0.512325 0.397947  0.0897278
3177 0.433826 0.0319086  0.534266
1381 0.651584 0.0741737  0.274242
182 0.416169 0.28788  0.295951
3629 0.505882 0.235756  0.258361
2861 0.529502 0.0943667  0.376131
1937 0.46054 0.482289  0.0571713
2886 0.19525 0.208113  0.596637
1437 0.277248 0.514208  0.208544
1829 0.21698 0.561911  0.221109
1959 0.117653 0.526094  0.356253
1377 0.188968 0.467593  0.343439
378 0.221219 0.439458  0.339324
583 0.319294 0.149419  0.531287
4072 0.548994 0.321177  0.129829
3344 0.149628 0.374173  0.476199
2885 0.207691 0.339602  0.452707
1490 0.402936 0.241777  0.355287
2915 0.544526 0.0296001  0.425874
2680 0.231739 0.241159  0.527102
3807 0.198678 0.781215  0.0201075
1248 0.122112 0.684313  0.193575
2852 0.552254 0.315436  0.13231
4060 0.0313111 0.538623  0.430066
1557 0.692111 0.129311  0.178578
1983 0.575008 0.133714  0.291278
2874 0.474314 0.50089  0.0247964
1774 0.883458 0.0472612  0.0692812
3115 0.478776 0.470473  0.0507504
50 0.304502 0.254265  0.441233
2026 0.155097 0.0145499  0.830353
2322 0.273559 0.152726  0.573715
2241 0.161184 0.557407  0.281409
72 0.358765 0.449671  0.191565
575 0.485068 0.503447  0.0114845
3325 0.122838 0.418873  0.458289
3592 0.326227 0.414644  0.259128
3613 0.382044 0.28408  0.333876
193 0.469032 0.0650333  0.465935
3772 0.0240528 0.413217  0.56273
3480 0.406497 0.247299  0.346204
2092 0.594121 0.0368681  0.36901
2228 0.640316 0.304123  0.05556
2222 0.132861 0.445928  0.421211
3764 0.391345 0.20337  0.405285
1024 0.559104 0.164495  0.276401
361 0.24962 0.434568  0.315813
3160 0.311159 0.344102  0.344739
830 0.330037 0.397551  0.272412
3115 0.397422 0.209919  0.392659
2841 0.73658 0.14118  0.12224
3806 0.429789 0.122945  0.447266
576 0.37202 0.375997  0.251984
3032 0.459654 0.240611  0.299735
3024 0.0799148 0.436293  0.483792
2002 0.0397092 0.0527205  0.90757
1702 0.118351 0.743568  0.138081
1109 0.345771 0.300183  0.354045
2853 0.351921 0.28043  0.367649
2236 0.302325 0.260923  0.436752
2333 0.2204 0.325664  0.453936
349 0.585141 0.222465  0.192393
586 0.534549 0.211431  0.25402
2323 0.507461 0.376904  0.115635
872 0.164907 0.174185  0.660907
1358 0.15418 0.471231  0.374589
169 0.178992 0.390033  0.430975
2859 0.394219 0.56975  0.0360314
119 0.0501256 0.431743  0.518132
1848 0.218181 0.392279  0.38954
1937 0.554885 0.156984  0.288131
3968 0.368611 0.402289  0.2291
449 0.415356 0.121006  0.463638
472 0.499537 0.463675  0.036788
1079 0.635956 0.274168  0.0898763
3092 0.347015 0.441122  0.211863
3956 0.179071 0.607507  0.213422
1518 0.0871087 0.628477  0.284415
2591 0.109142 0.0375309  0.853327
3390 0.279818 0.415316  0.304866
2678 0.401959 0.441912  0.156129
72 0.400882 0.161553  0.437565
1377 0.53338 0.122429  0.344191
1343 0.373399 0.344661  0.28194
1218 0.129527 0.402751  0.467722
3603 0.0708598 0.229902  0.699238
1613 0.0135409 0.582263  0.404196
3923 0.485619 0.424659  0.0897222
2829 0.539989 0.160143  0.299868
625 0.503141 0.223065  0.273794
3958 0.250254 0.516276  0.23347
580 0.342373 0.358482  0.299145
289 0.517407 0.0477802  0.434813
570 0.590638 0.395781  0.0135817
197 0.164732 0.343405  0.491863
2318 0.315238 0.349926  0.334836
2962 0.613014 0.349283  0.0377029
583 0.521544 0.278905  0.199551
1620 0.215756 0.604464  0.17978
3461 0.441562 0.165408  0.39303
3647 0.342195 0.171431  0.486374
2610 0.509019 0.243  0.247982
2018 0.366627 0.0867878  0.546586
3918 0.0510042 0.367986  0.58101
2414 0.455182 0.038508  0.50631
3410 0.430678 0.128505  0.440818
1437 0.452019 0.227697  0.320284
2845 0.34311 0.39642  0.26047
1994 0.114481 0.408834  0.476686
2979 0.051671 0.119372  0.828957
3868 0.430608 0.17059  0.398802
1595 0.199945 0.19664  0.603415
3831 0.148735 0.320104  0.531161
2437 0.461084 0.121956  0.41696
890 0.217009 0.390927  0.392064
2898 0.439901 0.160315  0.399784
3669 0.155005 0.37938  0.465614
2874 0.276631 0.220942  0.502426
188 0.434884 0.1555  0.409616
3823 0.123808 0.545191  0.331001
277 0.440594 0.057791  0.501615
1874 0.451458 0.184671  0.363872
2015 0.297512 0.292305  0.410184
1069 0.367426 0.375225  0.257349
2731 0.0572992 0.583419  0.359282
1 0.32673 0.452244  0.221027
2059 0.0239653 0.826373  0.149661
1533 0.425777 0.36801  0.206213
3960 0.0979895 0.508437  0.393574
2831 0.174571 0.52611  0.299319
2543 0.240709 0.450034  0.309258
2870 0.346667 0.352475  0.300857
3314 0.345922 0.425436  0.228642
1376 0.160952 0.465155  0.373893
1508 0.375949 0.346293  0.277758
1153 0.657135 0.321199  0.0216666
859 0.517051 0.464991  0.0179579
1043 0.135437 0.467099  0.397464
3095 0.593062 0.158454  0.248484
2185 0.215616 0.461664  0.32272
41 0.392548 0.518625  0.0888269
3657 0.525465 0.00668732  0.467848
2070 0.32759 0.614115  0.0582942
159 0.192241 0.569796  0.237963
1279 0.509855 0.308181  0.181963
190 0.302528 0.118963  0.578509
1092 0.0755623 0.205796  0.718642
3737 0.176772 0.425792  0.397436
185 0.166595 0.599399  0.234006
588 0.186332 0.432422  0.381246
3945 0.393097 0.12054  0.486364
3904 0.379615 0.130088  0.490297
3230 0.304339 0.260714  0.434947
2123 0.355523 0.248358  0.396119
3761 0.262463 0.136411  0.601125
786 0.260734 0.335535  0.403731
3262 0.488576 0.354399  0.157025
41 0.349768 0.0149667  0.635266
1683 0.0885007 0.35055  0.56095
2385 0.45715 0.457165  0.0856843
3677 0.385525 0.349395  0.26508
949 0.330077 0.329118  0.340805
3512 0.124054 0.344194  0.531752
857 0.582779 0.0276715  0.389549
2580 0.44663 0.0153648  0.538005
2155 0.39779 0.386385  0.215825
2567 0.390473 0.450257  0.15927
3681 0.321727 0.428134  0.250139
3718 0.246778 0.450729  0.302493
418 0.0631861 0.734905  0.201909
1760 0.417856 0.20924  0.372904
1731 0.301886 0.393016  0.305098
3676 0.450461 0.252534  0.297005
3909 0.0315336 0.669446  0.29902
3325 0.0738031 0.284464  0.641733
2679 0.226784 0.40438  0.368836
148 0.760856 0.100114  0.13903
379 0.571955 0.303522  0.124524
2413 0.0661667 0.2544  0.679433
3397 0.219781 0.531779  0.24844
974 0.485851 0.221251  0.292898
1154 0.519679 0.0784027  0.401918
549 0.429973 0.211265  0.358761
2917 0.299686 0.661371  0.038943
289 0.182777 0.141675  0.675548
38 0.281354 0.264935  0.453711
751 0.483751 0.492223  0.0240262
2869 0.261871 0.338785  0.399344
3516 0.391961 0.103258  0.504782
673 0.0943389 0.60937  0.296291
170 0.0393307 0.158168  0.802502
3232 0.0260601 0.717069  0.256871
2082 0.538485 0.0494535  0.412062
2333 0.500285 0.0923388  0.407376
3698 0.420498 0.157475  0.422027
632 0.287301 0.356491  0.356208
1847 0.0945793 0.342247  0.563173
1929 0.253754 0.691615  0.0546316
3447 0.495203 0.185771  0.319026
2527 0.342409 0.274363  0.383229
2121 0.389802 0.307459  0.302739
1960 0.287454 0.280871  0.431675
576 0.203698 0.600092  0.19621
2570 0.248428 0.14005  0.611522
1450 0.312753 0.256523  0.430723
3799 0.406471 0.533096  0.0604328
393 0.555431 0.350527  0.0940413
3373 0.349879 0.27647  0.373651
771 0.0736751 0.559002  0.367323
3971 0.182127 0.64385  0.174024
1397 0.0830857 0.132218  0.784696
3677 0.0459709 0.315187  0.638842
797 0.0510454 0.637634  0.31132
2467 0.592383 0.166423  0.241194
3814 0.40694 0.362744  0.230315
1938 0.0843609 0.553744  0.361895
3387 0.29132 0.337977  0.370703
599 0.0201549 0.400872  0.578973
1994 0.04566 0.390821  0.563519
1260 0.504512 0.262311  0.233177
3150 0.396231 0.0882868  0.515482
2215 0.206188 0.339713  0.454099
3050 0.17588 0.42767  0.39645
3671 0.475495 0.456806  0.0676984
2093 0.63248 0.0486074  0.318912
262 0.198529 0.498229  0.303242
3700 0.303009 0.00861335  0.688378
1581 0.499903 0.394436  0.10566
2106 0.362902 0.164231  0.472867
1 0.319579 0.409751  0.270671
1929 0.355422 0.161353  0.483225
1490 0.207453 0.324876  0.467671
2469 0.378544 0.603204  0.0182521
1537 0.252496 0.637264  0.11024
572 0.621907 0.188598  0.189495
2961 0.187328 0.405613  0.407059
406 0.447469 0.426268  0.126263
3952 0.0985668 0.375902  0.525531
404 0.312385 0.233326  0.45429
577 0.401555 0.274365  0.324079
2245 0.184457 0.578897  0.236646
3185 0.192853 0.392605  0.414542
1534 0.138848 0.74644  0.114711
989 0.325972 0.51707  0.156958
2350 0.51662 0.261747  0.221633
1485 0.343929 0.479793  0.176278
312 0.380833 0.320994  0.298173
682 0.406955 0.20051  0.392535
2678 0.293952 0.175262  0.530786
537 0.349925 0.0171842  0.632891
4043 0.474611 0.127887  0.397502
2374 0.251902 0.168916  0.579181
3852 0.434163 0.170143  0.395694
1766 0.477249 0.146474  0.376277
3818 0.411824 0.0301309  0.558045
1554 0.193943 0.353794  0.452263
560 0.204454 0.750646  0.0448999
172 0.0647359 0.042785  0.892479
658 0.404572 0.372912  0.222516
646 0.111854 0.534129  0.354017
3650 0.712748 0.223258  0.0639937
3221 0.501426 0.401121  0.0974524
2357 0.180999 0.380792  0.438209
1993 0.322613 0.154822  0.522565
602 0.188645 0.380086  0.431269
2869 0.472611 0.198047  0.329342
389 0.185322 0.235201  0.579477
579 0.48097 0.316551  0.202479
372 0.49795 0.102696  0.399354
2672 0.344341 0.314852  0.340807
3807 0.809418 0.15072  0.0398619
1339 0.204662 0.208338  0.587
922 0.218142 0.274458  0.5074
2889 0.171093 0.281822  0.547086
587 0.496956 0.312806  0.190238
187 0.0654999 0.222807  0.711693
3274 0.0339168 0.468422  0.497661
3201 0.247718 0.338604  0.413678
792 0.444666 0.280671  0.274663
3474 0.404201 0.373648  0.222151
1528 0.313637 0.297031  0.389332
703 0.0186901 0.809865  0.171445
2048 0.0340957 0.932773  0.0331316
1959 0.174545 0.202133  0.623322
3763 0.1091 0.816047  0.0748524
3166 0.504897 0.175074  0.320029
2451 0.0877198 0.0195341  0.892746
2711 0.159522 0.796156  0.044322
3274 0.724098 0.108483  0.167419
390 0.215911 0.525915  0.258174
3872 0.565726 0.301517  0.132757
1444 0.271493 0.355538  0.372968
1140 0.279726 0.35655  0.363725
2885 0.213108 0.221477  0.565415
2812 0.337178 0.414212  0.24861
184 0.447396 0.480984  0.0716194
1537 0.279868 0.0884204  0.631712
2840 0.379148 0.0859  0.534952
3216 0.0610993 0.454937  0.483964
573 0.0399229 0.357497  0.60258
1693 0.613783 0.272222  0.113994
1023 0.343101 0.211216  0.445683
3287 0.424705 0.267668  0.307627
2852 0.359932 0.506923  0.133145
2268 0.399696 0.507173  0.0931312
1227 0.0421567 0.721094  0.236749
1540 0.570338 0.0676512  0.362011
2928 0.177275 0.736746  0.0859789
3383 0.25541 0.582435  0.162155
1567 0.21285 0.243251  0.543899
3278 0.286656 0.0122107  0.701133
3553 0.0821215 0.323705  0.594174
386 0.347729 0.485708  0.166562
499 0.425055 0.474542  0.100403
1942 0.631679 0.21529  0.153031
2201 0.426952 0.436496  0.136552
1032 0.346996 0.190292  0.462711
1300 0.230323 0.147114  0.622563
1370 0.314381 0.223291  0.462327
704 0.381988 0.408874  0.209138
702 0.421427 0.534355  0.0442186
1121 0.488566 0.375111  0.136323
781 0.258974 0.371352  0.369674
3296 0.217423 0.0872648  0.695312
3325 0.0980315 0.435862  0.466106
113 0.078042 0.397032  0.524926
1476 0.158184 0.798453  0.0433629
63 0.34133 0.369816  0.288855
2296 0.637326 0.0959559  0.266718
576 0.366987 0.230901  0.402112
3971 0.27365 0.308884  0.417466
1206 0.460655 0.156275  0.383071
440 0.220556 0.0869218  0.692522
484 0.247052 0.395348  0.357599
3363 0.539496 0.236307  0.224197
1252 0.243202 0.25176  0.505038
3274 0.0618721 0.385849  0.552279
2897 0.579529 0.402231  0.0182401
3989 0.134088 0.446884  0.419028
1407 0.524612 0.334711  0.140677
3768 0.417636 0.559275  0.0230895
1018 0.49615 0.415037  0.0888132
3897 0.131076 0.426176  0.442748
796 0.339649 0.304214  0.356137
2810 0.337509 0.600196  0.0622952
1405 0.0463528 0.56012  0.393527
2380 0.407519 0.201559  0.390922
703 0.330596 0.215807  0.453596
1149 0.540771 0.30809  0.151138
3790 0.408823 0.466269  0.124907
3848 0.802183 0.0357033  0.162113
3919 0.208532 0.264963  0.526505
2832 0.726902 0.235356  0.0377422
1966 0.84832 0.0372702  0.11441
1524 0.409297 0.362938  0.227765
2337 0.4136 0.277498  0.308902
3510 0.0214688 0.459935  0.518596
2832 0.0268145 0.388516  0.58467
1400 0.499649 0.106105  0.394246
2796 0.267235 0.646005  0.0867604
2933 0.215322 0.317937  0.466741
3003 0.152009 0.217892  0.630099
4073 0.165199 0.376185  0.458616
3032 0.323705 0.14862  0.527675
2849 0.0711527 0.219539  0.709309
2939 0.228989 0.164515  0.606496
2917 0.296188 0.480028  0.223784
1318 0.24523 0.0635105  0.69126
146 0.17836 0.0398598  0.78178
579 0.677802 0.193015  0.129183
2750 0.112676 0.410868  0.476456
3162 0.177391 0.494742  0.327867
1706 0.174606 0.0906814  0.734713
1278 0.367799 0.313899  0.318302
186 0.0518766 0.813251  0.134872
2895 0.597128 0.14668  0.256193
2989 0.492421 0.334904  0.172675
1556 0.215864 0.281971  0.502165
2677 0.0986945 0.625075  0.276231
158 0.325292 0.335123  0.339585
3373 0.47755 0.274297  0.248153
3785 0.252366 0.657267  0.0903665
1273 0.28375 0.139048  0.577201
2606 0.37151 0.512176  0.116315
1401 0.335703 0.230059  0.434238
2874 0.209549 0.0280611  0.76239
974 0.256883 0.351907  0.39121
790 0.388715 0.246416  0.364869
2892 0.111875 0.641775  0.246349
2572 0.025387 0.0238388  0.950774
4 0.109668 0.680306  0.210027
3184 0.301663 0.364933  0.333404
2215 0.287861 0.424907  0.287232
1479 0.533823 0.0515834  0.414593
2950 0.0986609 0.395033  0.506306
1824 0.07338 0.479997  0.446624
947 0.571465 0.281635  0.1469
1174 0.35817 0.31978  0.32205
2906 0.263848 0.609049  0.127103
953 0.258662 0.337611  0.403727
3063 0.323766 0.242344  0.43389
3592 0.627214 0.195269  0.177517
3491 0.471455 0.237477  0.291068
330 0.448283 0.405972  0.145745
2449 0.175033 0.726448  0.0985195
2403 0.137521 0.429263  0.433217
2784 0.210095 0.672492  0.117413
1929 0.440452 0.136231  0.423318
1725 0.398178 0.207464  0.394358
4083 0.4361 0.00659223  0.557308
1107 0.319628 0.284631  0.395741
648 0.0848042 0.470561  0.444635
370 0.392252 0.455104  0.152644
1312 0.479964 0.0779184  0.442118
614 0.496824 0.437797  0.0653787
3600 0.17228 0.381128  0.446592
2881 0.32315 0.130435  0.546415
869 0.296383 0.317176  0.386442
2370 0.14303 0.832207  0.0247623
133 0.429862 0.132392  0.437746
1988 0.429163 0.426852  0.143985
551 0.651902 0.0637777  0.284321
965 0.346835 0.51637  0.136795
117 0.452444 0.132772  0.414784
4079 0.35616 0.51546  0.12838
974 0.338169 0.214972  0.446859
1384 0.640344 0.315322  0.0443342
1707 0.697874 0.168108  0.134018
54 0.369496 0.260567  0.369937
2870 0.440381 0.313336  0.246283
999 0.237003 0.15871  0.604286
838 0.449639 0.436707  0.113654
3668 0.353604 0.256888  0.389508
3247 0.163799 0.358286  0.477916
1845 0.463154 0.356682  0.180164
2801 0.513125 0.134234  0.352641
1380 0.546226 0.039842  0.413932
2384 0.522283 0.200555  0.277163
1121 0.152518 0.525314  0.322168
3946 0.272885 0.529351  0.197764
404 0.407833 0.222324  0.369844
1942 0.267581 0.345645  0.386773
3161 0.483501 0.125125  0.391373
1623 0.524027 0.347265  0.128708
1256 0.0991038 0.650509  0.250387
408 0.434495 0.472211  0.0932936
3389 0.425382 0.101638  0.47298
2642 0.27878 0.409745  0.311474
1808 0.325923 0.543482  0.130595
4072 0.0289986 0.654222  0.31678
292 0.19021 0.156238  0.653552
1694 0.301599 0.351923  0.346477
3416 0.432923 0.334231  0.232846
3697 0.688805 0.1551  0.156095
1362 0.410212 0.229152  0.360636
210 0.0505569 0.620253  0.32919
875 0.446696 0.455402  0.0979022
1418 0.226422 0.492721  0.280857
3971 0.339256 0.462154  0.198591
520 0.187148 0.691063  0.121789
920 0.292308 0.644591  0.0631013
326 0.0852426 0.478  0.436758
3015 0.318652 0.317636  0.363713
1236 0.405729 0.309728  0.284543
1542 0.229847 0.369879  0.400274
2171 0.12235 0.304805  0.572845
2336 0.21755 0.322592  0.459857
2876 0.287876 0.53785  0.174274
3968 0.245472 0.286487  0.468041
1764 0.229736 0.216453  0.55381
430 0.359107 0.404871  0.236022
1670 0.431657 0.140118  0.428226
366 0.356003 0.344042  0.299955
165 0.458895 0.438708  0.102397
3729 0.397742 0.466656  0.135602
2484 0.448154 0.457181  0.094665
2825 0.590762 0.0155796  0.393658
1937 0.46575 0.138359  0.395891
355 0.253042 0.311186  0.435771
1619 0.297129 0.348797  0.354074
988 0.698569 0.0679655  0.233466
3642 0.475312 0.4981  0.0265873
3823 0.313843 0.100387  0.58577
650 0.706687 0.233611  0.0597023
2870 0.328368 0.242675  0.428957
2376 0.520418 0.263512  0.21607
2411 0.11394 0.30107  0.58499
4067 0.384418 0.173476  0.442106
1290 0.346453 0.337174  0.316373
2728 0.443684 0.404664  0.151653
2385 0.285039 0.275513  0.439447
2328 0.53434 0.358228  0.107432
3823 0.934432 0.0309735  0.0345943
3522 0.529087 0.13646  0.334453
1856 0.306457 0.0960029  0.59754
3042 0.57261 0.147018  0.280371
344 0.421958 0.143181  0.434861
3102 0.789237 0.181036  0.0297279
1356 0.227837 0.327921  0.444241
1449 0.330128 0.307652  0.36222
160 0.402381 0.0316819  0.565938
1141 0.491568 0.336221  0.172211
3214 0.129781 0.287696  0.582523
571 0.125824 0.347244  0.526932
2527 0.32901 0.29326  0.37773
3971 0.470291 0.256915  0.272794
2356 0.0798084 0.691149  0.229043
3772 0.351005 0.246866  0.402129
4022 0.523786 0.183685  0.292529
1111 0.441316 0.397191  0.161493
3309 0.325829 0.451453  0.222718
2158 0.29985 0.468696  0.231454
2192 0.447792 0.221868  0.33034
4086 0.215358 0.328473  0.456169
3614 0.744668 0.176349  0.0789825
2380 0.286279 0.407482  0.306239
685 0.166238 0.586188  0.247573
3688 0.278059 0.44458  0.277361
1123 0.438407 0.0954331  0.46616
2329 0.157086 0.418426  0.424487
179 0.0515545 0.828668  0.119778
1460 0.414309 0.161886  0.423805
3340 0.317669 0.600996  0.0813352
3493 0.230561 0.103528  0.66591
2852 0.4155 0.509861  0.0746397
961 0.149572 0.557952  0.292476
751 0.343454 0.34166  0.314886
1366 0.4006 0.270588  0.328812
1720 0.321629 0.457768  0.220604
2166 0.181751 0.526685  0.291564
2666 0.412317 0.251848  0.335835
140 0.345309 0.421183  0.233507
459 0.506354 0.0337986  0.459848
1848 0.420043 0.125499  0.454459
1364 0.0403992 0.168595  0.791006
2532 0.463095 0.491642  0.0452634
2065 0.472279 0.0254432  0.502278
21 0.458745 0.478  0.0632549
2972 0.46436 0.503815  0.0318253
323 0.135458 0.682903  0.181639
2113 0.162068 0.509282  0.328651
357 0.436261 0.0211295  0.542609
3850 0.579932 0.355012  0.0650557
1931 0.233614 0.0800936  0.686292
1263 0.394915 0.191882  0.413203
3500 0.350095 0.234568  0.415337
3076 0.350812 0.0259983  0.623189
4071 0.178317 0.361913  0.45977
922 0.0309575 0.208708  0.760335
3813 0.41243 0.16709  0.42048
899 0.0665792 0.352456  0.580965
1986 0.528938 0.203662  0.267399
2848 0.400426 0.0556938  0.54388
1164 0.0674184 0.517409  0.415173
2461 0.337124 0.277617  0.385259
865 0.414089 0.135799  0.450112
1601 0.500695 0.379188  0.120117
1366 0.570321 0.0170857  0.412594
521 0.786743 0.0519665  0.161291
2112 0.296446 0.141359  0.562194
1592 0.421292 0.204077  0.374631
1942 0.461707 0.377327  0.160966
66 0.565756 0.336199  0.0980449
2716 0.0988939 0.442824  0.458282
1977 0.109728 0.686518  0.203754
3694 0.612262 0.119113  0.268625
2873 0.616891 0.204262  0.178847
264 0.410808 0.369573  0.21962
3895 0.678774 0.0435193  0.277706
2237 0.315655 0.340403  0.343942
409 0.806346 0.176001  0.0176534
2827 0.343396 0.323125  0.333479
3218 0.134931 0.401743  0.463326
2408 0.329827 0.0791258  0.591047
409 0.14111 0.470213  0.388677
443 0.466029 0.036477  0.497494
3474 0.375702 0.332579  0.29172
3253 0.250624 0.419688  0.329688
1654 0.474625 0.347831  0.177544
3249 0.331584 0.543512  0.124904
2077 0.0615521 0.624819  0.313629
1861 0.0658601 0.258998  0.675142
3137 0.0213317 0.727874  0.250794
2850 0.3368 0.32464  0.33856
3157 0.752185 0.0211331  0.226682
148 0.235619 0.411858  0.352523
427 0.0482856 0.466701  0.485014
1706 0.433281 0.19646  0.370259
523 0.0829467 0.443236  0.473818
1990 0.341554 0.308578  0.349868
2052 0.342676 0.226152  0.431173
3609 0.420038 0.516083  0.0638787
499 0.485417 0.0962832  0.4183
662 0.0778279 0.657798  0.264375
1214 0.481638 0.368946  0.149416
124 0.162545 0.804756  0.0326987
577 0.262607 0.330522  0.406871
1352 0.221044 0.404956  0.374
2983 0.323124 0.515435  0.161441
1786 0.176242 0.215274  0.608484
1106 0.644356 0.148851  0.206794
54 0.262027 0.423995  0.313978
3568 0.195623 0.288156  0.516221
1818 0.471389 0.258711  0.2699
1232 0.0388687 0.277193  0.683939
3858 0.197189 0.436735  0.366077
1656 0.161415 0.303691  0.534894
3868 0.646048 0.132054  0.221898
2380 0.65492 0.268078  0.0770022
784 0.219063 0.365669  0.415268
1646 0.12639 0.458627  0.414983
3968 0.280183 0.401818  0.317999
575 0.11906 0.211426  0.669515
913 0.289139 0.590063  0.120798
1921 0.420202 0.434171  0.145627
2227 0.306233 0.570113  0.123654
3809 0.499079 0.419738  0.0811824
1336 0.159603 0.433543  0.406854
1392 0.0783891 0.659284  0.262327
190 0.0976562 0.414797  0.487547
2933 0.0779951 0.613534  0.308471
2651 0.566516 0.402603  0.0308809
2554 0.399582 0.236994  0.363424
1106 0.239874 0.508425  0.251701
2849 0.10603 0.509848  0.384122
1392 0.417325 0.380425  0.20225
1955 0.297158 0.260993  0.441849
152 0.547495 0.022242  0.430263
965 0.446335 0.350212  0.203453
2241 0.362444 0.242874  0.394682
3675 0.288848 0.277848  0.433304
3859 0.0555498 0.205138  0.739313
3056 0.498361 0.263894  0.237745
122 0.369534 0.378881  0.251585
2852 0.386892 0.529757  0.0833506
2574 0.351565 0.0550592  0.593376
1358 0.325883 0.106458  0.567659
3511 0.0588343 0.283643  0.657522
1592 0.212495 0.198299  0.589206
2174 0.247303 0.229138  0.523559
3420 0.208028 0.762499  0.0294726
2919 0.289706 0.613277  0.0970173
3566 0.0927428 0.151785  0.755473
594 0.376876 0.468974  0.15415
1592 0.367212 0.327713  0.305075
809 0.332396 0.0643518  0.603252
3452 0.0750983 0.505077  0.419825
1208 0.56025 0.239045  0.200706
2245 0.237392 0.0811674  0.681441
1270 0.214394 0.287742  0.497864
663 0.0296735 0.400776  0.569551
2862 0.445822 0.101693  0.452485
3656 0.0408896 0.376178  0.582932
1736 0.227499 0.492032  0.280468
1431 0.280391 0.151805  0.567804
663 0.337864 0.339168  0.322968
216 0.240915 0.410513  0.348573
846 0.411724 0.447148  0.141128
2066 0.0678774 0.395992  0.53613
3918 0.500442 0.120371  0.379187
805 0.639649 0.24549  0.114861
3111 0.435531 0.0716515  0.492818
34 0.224392 0.42448  0.351128
540 0.3789 0.367999  0.253102
1722 0.0679219 0.378979  0.553099
3073 0.284522 0.47817  0.237308
971 0.59574 0.242636  0.161624
330 0.256677 0.655  0.0883225
3032 0.290414 0.35236  0.357225
258 0.285556 0.179553  0.534892
2376 0.29227 0.205367  0.502363
2587 0.410327 0.57512  0.0145524
2234 0.0775932 0.238544  0.683863
2873 0.387647 0.440914  0.171439
808 0.280904 0.616974  0.102123
331 0.356365 0.235901  0.407734
2849 0.49806 0.364458  0.137483
3604 0.543484 0.229408  0.227108
914 0.308564 0.319164  0.372272
747 0.324646 0.306275  0.369079
2857 0.4003 0.255348  0.344351
3161 0.40637 0.351885  0.241745
3601 0.456006 0.413863  0.130131
1424 0.291588 0.416529  0.291882
2740 0.312185 0.428862  0.258953
2875 0.429983 0.157307  0.41271
509 0.468762 0.465816  0.0654219
3859 0.406586 0.027425  0.565989
2850 0.415833 0.334713  0.249454
2956 0.22211 0.382234  0.395657
4090 0.473901 0.447779  0.0783193
3032 0.198228 0.209421  0.592351
1202 0.211445 0.13487  0.653685
3431 0.269809 0.338022  0.392169
326 0.545661 0.37884  0.0754992
974 0.464035 0.410344  0.125621
3294 0.358678 0.0443779  0.596944
997 0.501688 0.0798182  0.418494
587 0.17461 0.628483  0.196907
2833 0.0161562 0.433785  0.550059
3251 0.891721 0.0153513  0.0929282
1946 0.114938 0.258103  0.626959
1692 0.432727 0.494022  0.0732511
2034 0.0705717 0.63065  0.298778
596 0.161714 0.350765  0.487521
1273 0.251745 0.621757  0.126498
3818 0.125712 0.545129  0.329158
2969 0.0283782 0.0697199  0.901902
578 0.283638 0.540276  0.176085
2181 0.363058 0.401154  0.235787
2090 0.021694 0.112757  0.865549
3504 0.477337 0.216224  0.30644
3185 0.090477 0.25581  0.653713
2093 0.449761 0.149226  0.401013
298 0.259096 0.358514  0.382391
2628 0.626157 0.354559  0.0192848
1344 0.0359355 0.500347  0.463717
2355 0.328128 0.258602  0.413271
2154 0.479824 0.0484744  0.471701
570 0.344135 0.308494  0.347371
1568 0.359183 0.49654  0.144276
3734 0.159174 0.405331  0.435495
145 0.133302 0.285887  0.580811
1380 0.276229 0.567711  0.156061
1928 0.194342 0.28788  0.517779
2241 0.48449 0.504502  0.0110082
318 0.358341 0.19069  0.45097
2504 0.418217 0.414856  0.166927
2855 0.606576 0.108386  0.285037
2350 0.521992 0.246501  0.231506
2843 0.605268 0.244315  0.150417
2357 0.445421 0.424098  0.130481
3325 0.196419 0.500834  0.302747
2331 0.159029 0.605749  0.235222
4037 0.0119825 0.725307  0.262711
1107 0.451191 0.179075  0.369734
1231 0.723751 0.0639907  0.212258
3659 0.412959 0.366799  0.220242
1727 0.18615 0.306302  0.507548
3162 0.307218 0.296172  0.39661
1928 0.342181 0.340621  0.317198
2230 0.290833 0.261841  0.447325
3921 0.392103 0.434488  0.17341
2215 0.7737 0.0769251  0.149375
1803 0.497293 0.164168  0.338539
2126 0.128176 0.451927  0.419897
1585 0.433697 0.52655  0.0397524
275 0.687567 0.236566  0.0758671
1006 0.103774 0.443094  0.453132
3609 0.431632 0.300866  0.267502
1361 0.307224 0.255028  0.437749
2845 0.184755 0.117043  0.698202
561 0.188507 0.460341  0.351152
133 0.056537 0.311639  0.631824
4016 0.335421 0.463326  0.201253
3461 0.185838 0.472366  0.341797
710 0.261444 0.478101  0.260455
3764 0.31148 0.234484  0.454036
2874 0.374367 0.259042  0.366591
3070 0.105581 0.536445  0.357974
3859 0.0939575 0.279757  0.626285
929 0.132426 0.283532  0.584041
2355 0.0794196 0.56701  0.35357
2146 0.283507 0.700764  0.0157292
367 0.357265 0.392645  0.25009
2325 0.350344 0.502748  0.146908
3095 0.606398 0.0850717  0.30853
470 0.732929 0.109407  0.157664
2757 0.447866 0.319751  0.232384
1137 0.112089 0.450907  0.437005
3113 0.698976 0.161612  0.139412
2847 0.25537 0.128083  0.616548
3200 0.0327784 0.850632  0.116589
2690 0.223191 0.348225  0.428584
3693 0.546348 0.269559  0.184092
1620 0.418288 0.220487  0.361224
1025 0.105005 0.506293  0.388702
1358 0.608005 0.345903  0.046092
1557 0.823677 0.0120122  0.164311
1442 0.4204 0.120896  0.458705
2356 0.441272 0.26228  0.296448
1377 0.543149 0.193062  0.263789
151 0.420294 0.388349  0.191358
1375 0.0571085 0.42942  0.513471
2855 0.275454 0.392847  0.331699
3958 0.403125 0.381443  0.215433
1090 0.0529391 0.242575  0.704486
3824 0.46341 0.187332  0.349258
531 0.180922 0.286808  0.53227
1797 0.0895026 0.51146  0.399038
813 0.270879 0.574536  0.154585
3164 0.328602 0.389496  0.281902
1182 0.0269311 0.600358  0.372711
1445 0.206736 0.303692  0.489572
3471 0.476617 0.138563  0.38482
206 0.573899 0.222597  0.203504
2202 0.340397 0.0623594  0.597243
3152 0.577388 0.398781  0.0238312
2066 0.470912 0.477737  0.0513516
2252 0.210693 0.300519  0.488788
2837 0.304709 0.474188  0.221103
4 0.565414 0.395074  0.0395118
1622 0.345423 0.512946  0.141631
408 0.247188 0.132051  0.620761
1339 0.416678 0.277544  0.305778
751 0.327549 0.387241  0.28521
2659 0.390555 0.27063  0.338816
3226 0.447647 0.263882  0.288471
2061 0.494636 0.289305  0.216059
1039 0.276943 0.196591  0.526466
786 0.158199 0.386592  0.45521
2894 0.584728 0.317521  0.0977511
191 0.259345 0.221494  0.51916
3702 0.394354 0.00910512  0.596541
2965 0.293278 0.403432  0.30329
3274 0.147594 0.218725  0.633681
2679 0.428617 0.256109  0.315275
1992 0.167863 0.752773  0.0793633
578 0.474783 0.466895  0.0583229
257 0.431724 0.212317  0.355959
4011 0.104153 0.454354  0.441492
1839 0.536425 0.156575  0.307
448 0.258034 0.477706  0.26426
2430 0.0924214 0.183424  0.724154
349 0.102881 0.766198  0.130921
179 0.284387 0.389833  0.32578
1944 0.333985 0.336542  0.329474
3324 0.187131 0.277474  0.535395
2796 0.449095 0.273576  0.27733
3570 0.18477 0.331742  0.483488
3862 0.291215 0.536195  0.17259
3431 0.325645 0.483904  0.190452
1592 0.532672 0.436424  0.0309038
2469 0.0599489 0.294379  0.645672
205 0.367499 0.0861143  0.546387
361 0.110131 0.684352  0.205517
865 0.700057 0.164832  0.135111
1957 0.554506 0.228328  0.217166
578 0.417584 0.494484  0.0879323
2168 0.540757 0.153325  0.305918
215 0.400412 0.420612  0.178976
2928 0.190486 0.382076  0.427438
1511 0.28006 0.493039  0.226901
504 0.424274 0.409262  0.166464
2979 0.268649 0.362575  0.368775
152 0.402853 0.279129  0.318018
0 0.40464 0.269378  0.325982
540 0.488308 0.114619  0.397073
3949 0.513527 0.0700929  0.41638
2248 0.326949 0.192067  0.480984
1700 0.231934 0.412553  0.355513
3020 0.399606 0.382256  0.218138
1279 0.210604 0.0191697  0.770226
1226 0.11089 0.535574  0.353536
4027 0.0509429 0.449322  0.499735
1036 0.336769 0.35462  0.308611
256 0.0841557 0.566026  0.349818
2373 0.21973 0.485472  0.294798
1213 0.478833 0.446117  0.0750505
3659 0.295869 0.334133  0.369998
574 0.261033 0.707831  0.0311356
583 0.367616 0.526437  0.105947
2243 0.340742 0.425025  0.234232
484 0.227637 0.0442438  0.728119
861 0.199225 0.656615  0.14416
3971 0.466852 0.454731  0.078417
1562 0.294754 0.203742  0.501505
1819 0.765833 0.0604775  0.17369
1377 0.0479412 0.48779  0.464268
179 0.28299 0.288643  0.428367
3350 0.108369 0.570845  0.320786
780 0.454789 0.523596  0.0216148
74 0.403035 0.176784  0.42018
2160 0.379122 0.435869  0.185009
2853 0.0692276 0.397798  0.532974
2026 0.0886949 0.405439  0.505866
3793 0.237003 0.343364  0.419633
3809 0.0427823 0.451324  0.505893
1855 0.418611 0.494752  0.0866378
3424 0.15729 0.499718  0.342992
3621 0.5083 0.0353216  0.456379
1930 0.421651 0.467594  0.110755
1560 0.0778182 0.0317325  0.890449
3715 0.210483 0.432551  0.356966
953 0.560532 0.106974  0.332494
2841 0.158162 0.664947  0.176891
1353 0.390229 0.466801  0.14297
717 0.213242 0.253841  0.532917
790 0.195114 0.214046  0.59084
3405 0.350353 0.0271361  0.622511
2843 0.0585692 0.345198  0.596233
141 0.355187 0.290093  0.35472
2853 0.300455 0.414579  0.284967
3248 0.46005 0.332595  0.207355
1580 0.272298 0.642295  0.0854071
2862 0.166982 0.815611  0.0174072
2810 0.393075 0.240406  0.366518
1964 0.470369 0.421551  0.108079
3753 0.41566 0.0811556  0.503184
152 0.443467 0.324184  0.232348
145 0.0662969 0.355314  0.57839
3389 0.136071 0.125453  0.738476
1612 0.373909 0.466435  0.159656
1562 0.351867 0.242936  0.405197
2410 0.320332 0.325089  0.35458
398 0.330549 0.65554  0.0139116
3521 0.351068 0.456127  0.192805
952 0.0455419 0.484525  0.469933
3079 0.373496 0.492789  0.133715
3623 0.401955 0.123588  0.474457
3095 0.333022 0.397132  0.269846
1706 0.354644 0.228342  0.417014
2841 0.226971 0.2422  0.53083
1364 0.219891 0.49006  0.290049
1719 0.389755 0.0889439  0.521301
209 0.518562 0.140217  0.341221
1120 0.264488 0.340923  0.394589
3823 0.28275 0.168877  0.548373
984 0.118858 0.287671  0.593472
1953 0.376004 0.542152  0.0818438
1662 0.408915 0.309706  0.281378
1494 0.0271153 0.465713  0.507172
1612 0.0728294 0.256506  0.670665
3747 0.392159 0.0990582  0.508783
3748 0.333411 0.122002  0.544587
1091 0.293549 0.54628  0.16017
3570 0.615551 0.158269  0.22618
1936 0.395531 0.381537  0.222933
671 0.175556 0.407783  0.416661
1938 0.299697 0.35069  0.349614
2738 0.427067 0.19569  0.377244
3572 0.642335 0.348577  0.00908809
3623 0.108028 0.245414  0.646558
2498 0.358064 0.498455  0.143481
2418 0.197045 0.350472  0.452483
211 0.437363 0.335614  0.227023
3719 0.217615 0.517372  0.265013
2962 0.481143 0.448654  0.0702026
1537 0.255377 0.324742  0.419881
870 0.440694 0.409051  0.150255
640 0.0778991 0.406766  0.515335
2052 0.469509 0.120687  0.409804
1140 0.310924 0.340063  0.349014
1930 0.159338 0.379908  0.460754
1658 0.325618 0.297445  0.376937
783 0.0352004 0.567782  0.397017
3768 0.160613 0.642133  0.197254
2716 0.0899237 0.517043  0.393033
316 0.191397 0.446237  0.362366
1315 0.43015 0.433613  0.136238
1164 0.131534 0.423859  0.444607
952 0.302398 0.662679  0.0349234
1598 0.478216 0.278349  0.243435
3609 0.368835 0.264245  0.36692
1511 0.0161226 0.518698  0.46518
2034 0.0775307 0.409313  0.513156
3946 0.234272 0.132047  0.633681
1687 0.399888 0.347646  0.252466
1959 0.32373 0.302993  0.373276
346 0.066173 0.505873  0.427953
3703 0.492591 0.214666  0.292743
1380 0.501568 0.286126  0.212307
4056 0.3085 0.491947  0.199553
2682 0.366709 0.272851  0.36044
2345 0.365023 0.363093  0.271884
783 0.0270625 0.48475  0.488187
3937 0.372347 0.107338  0.520315
2865 0.0187993 0.37133  0.60987
2763 0.394343 0.23734  0.368316
341 0.392181 0.263728  0.344091
1192 0.239329 0.276426  0.484245
986 0.210751 0.722684  0.0665654
2005 0.333987 0.261612  0.404401
191 0.695738 0.010899  0.293363
3479 0.189784 0.542575  0.267641
3968 0.372963 0.0649403  0.562097
3103 0.274459 0.303241  0.422299
1656 0.293736 0.282752  0.423513
3848 0.332108 0.382437  0.285455
1398 0.193726 0.51709  0.289184
894 0.418481 0.0598869  0.521632
1005 0.36611 0.487993  0.145898
666 0.148654 0.426748  0.424598
2956 0.0430343 0.092214  0.864752
1454 0.290388 0.534566  0.175046
1530 0.0295275 0.537366  0.433106
1731 0.28568 0.495172  0.219148
1169 0.264044 0.452805  0.283151
1524 0.615178 0.29936  0.0854625
3809 0.194349 0.343813  0.461839
2841 0.256204 0.209025  0.534771
679 0.793498 0.0383854  0.168116
1949 0.227184 0.59562  0.177196
3779 0.0492361 0.567394  0.38337
1691 0.403989 0.217787  0.378225
3340 0.19817 0.67221  0.12962
2381 0.202258 0.327309  0.470433
2881 0.289298 0.685311  0.0253911
2476 0.456361 0.513093  0.0305451
2953 0.231604 0.0532992  0.715097
4094 0.273379 0.26521  0.46141
575 0.53314 0.354242  0.112618
3768 0.374087 0.198424  0.42749
1194 0.176192 0.348282  0.475526
1733 0.452932 0.236358  0.31071
2573 0.627952 0.0260339  0.346014
