3436 0.222929 0.324148  0.452922
1723 0.321799 0.355182  0.323019
3263 0.271732 0.0725059  0.655762
511 0.0901007 0.50905  0.40085
1051 0.31404 0.203069  0.482891
1074 0.456043 0.272762  0.271195
1030 0.100916 0.589842  0.309243
1778 0.50059 0.346542  0.152869
404 0.104173 0.330428  0.565399
2900 0.404136 0.423923  0.171941
2969 0.0965546 0.723128  0.180318
444 0.444087 0.0703166  0.485596
1944 0.0272982 0.481186  0.491516
812 0.386643 0.254471  0.358886
3017 0.759875 0.220732  0.0193926
3087 0.284462 0.396472  0.319065
1660 0.350194 0.23056  0.419246
1593 0.228199 0.427581  0.344221
1261 0.305498 0.298718  0.395784
1993 0.0406018 0.165547  0.793851
3112 0.502903 0.446898  0.0501992
527 0.533135 0.353927  0.112938
456 0.53919 0.194338  0.266472
2623 0.0184029 0.428084  0.553513
447 0.406528 0.442473  0.150999
1297 0.35726 0.230678  0.412062
1557 0.411013 0.537037  0.0519492
1788 0.286973 0.0621198  0.650907
596 0.210652 0.527812  0.261536
2107 0.238321 0.381499  0.38018
818 0.159038 0.565468  0.275493
3398 0.0861241 0.534749  0.379127
1228 0.340128 0.387163  0.272709
298 0.379404 0.300947  0.319649
3139 0.72021 0.0880221  0.191768
2933 0.648571 0.197856  0.153573
831 0.304601 0.213403  0.481995
3325 0.323917 0.391699  0.284384
2443 0.468384 0.506405  0.0252116
540 0.329804 0.402462  0.267734
2176 0.100971 0.57346  0.325569
3346 0.416058 0.443769  0.140173
2266 0.289037 0.394311  0.316652
222 0.679298 0.204645  0.116057
1630 0.064801 0.694147  0.241052
2170 0.388732 0.388712  0.222556
1890 0.428788 0.0117155  0.559497
217 0.412932 0.476142  0.110927
2583 0.334105 0.377532  0.288363
1435 0.178579 0.806937  0.0144847
3097 0.0697465 0.25332  0.676933
1219 0.201756 0.431035  0.367208
1122 0.388034 0.188985  0.422981
1973 0.443116 0.145756  0.411128
2409 0.0429065 0.363964  0.593129
533 0.401789 0.286101  0.31211
652 0.492865 0.283578  0.223557
2433 0.447723 0.401579  0.150697
2695 0.424153 0.491376  0.0844706
3403 0.0163113 0.467532  0.516157
2914 0.243137 0.268811  0.488052
953 0.451276 0.0817986  0.466926
566 0.365172 0.360919  0.273909
777 0.292962 0.372073  0.334964
1738 0.22122 0.517971  0.260809
1846 0.0593273 0.663319  0.277353
512 0.399244 0.20514  0.395616
3300 0.385999 0.232926  0.381074
2846 0.32786 0.168484  0.503656
849 0.365209 0.440082  0.194709
1543 0.757881 0.108689  0.133429
422 0.419777 0.264374  0.31585
2604 0.439323 0.480548  0.0801287
430 0.358065 0.278491  0.363444
2909 0.203784 0.659786  0.13643
494 0.503001 0.352833  0.144166
3508 0.46533 0.179339  0.355331
2919 0.0352694 0.648898  0.315832
1907 0.0216902 0.433897  0.544412
1382 0.244475 0.633415  0.12211
961 0.850028 0.0507985  0.0991736
1190 0.437087 0.266906  0.296007
2265 0.237521 0.116414  0.646065
2137 0.15089 0.403107  0.446003
731 0.704568 0.252371  0.0430612
1636 0.34466 0.0701737  0.585166
1929 0.208717 0.569976  0.221306
742 0.204896 0.446269  0.348835
2006 0.712714 0.0538394  0.233447
79 0.323178 0.341441  0.335381
1231 0.245668 0.519934  0.234398
647 0.358659 0.18873  0.452612
596 0.337152 0.235379  0.427469
2079 0.376409 0.443979  0.179612
2419 0.489011 0.284428  0.226561
733 0.134098 0.568763  0.297139
3281 0.334741 0.35223  0.31303
1863 0.313146 0.358436  0.328418
705 0.0767264 0.755148  0.168126
1898 0.271827 0.37265  0.355522
1249 0.253939 0.0488286  0.697232
2521 0.428322 0.348797  0.222881
2789 0.330494 0.485761  0.183745
1595 0.191752 0.543159  0.26509
2975 0.625084 0.339395  0.0355206
1721 0.133709 0.0455677  0.820724
1035 0.225449 0.648021  0.126529
1496 0.143544 0.151213  0.705243
2176 0.358545 0.547537  0.0939185
518 0.0207585 0.643568  0.335674
1414 0.29723 0.643542  0.0592283
1199 0.395388 0.316333  0.288278
3139 0.221815 0.389343  0.388842
2321 0.244681 0.310882  0.444436
2479 0.361002 0.37401  0.264988
955 0.189951 0.403882  0.406167
2988 0.231414 0.359295  0.40929
3507 0.273627 0.226794  0.499579
873 0.350209 0.200108  0.449683
3155 0.423072 0.311527  0.265401
972 0.432089 0.246444  0.321466
686 0.389649 0.457239  0.153112
921 0.276509 0.155029  0.568461
851 0.254509 0.020259  0.725232
1036 0.280804 0.325681  0.393515
2571 0.379245 0.327835  0.292919
1555 0.488918 0.0861101  0.424972
2566 0.747085 0.092433  0.160482
412 0.119958 0.317461  0.562581
2686 0.469056 0.0422312  0.488713
1157 0.280597 0.317592  0.401811
963 0.339699 0.287938  0.372364
104 0.547824 0.150818  0.301358
458 0.492169 0.186482  0.321349
2740 0.256851 0.138947  0.604203
1183 0.25317 0.651997  0.0948321
336 0.203431 0.428404  0.368165
444 0.362143 0.479139  0.158718
3435 0.2295 0.541229  0.229271
2912 0.428544 0.0647382  0.506718
3396 0.388462 0.320425  0.291113
2761 0.551761 0.0259755  0.422263
234 0.406367 0.203244  0.390388
1249 0.136436 0.724757  0.138807
309 0.490428 0.40443  0.105141
3025 0.772378 0.0201558  0.207466
818 0.408137 0.198757  0.393106
2027 0.442595 0.334921  0.222484
331 0.448641 0.0859479  0.465411
2490 0.430915 0.371814  0.197271
1798 0.440532 0.375689  0.183779
3353 0.470465 0.189694  0.33984
376 0.194618 0.306375  0.499007
707 0.295274 0.364922  0.339804
3321 0.424948 0.196074  0.378978
2853 0.432818 0.492989  0.0741931
1125 0.0862098 0.013569  0.900221
3256 0.159231 0.220006  0.620763
3006 0.506742 0.0201771  0.473081
505 0.403051 0.213852  0.383096
402 0.369261 0.0776999  0.553039
338 0.373826 0.12994  0.496234
1158 0.248127 0.181098  0.570774
2628 0.200875 0.245702  0.553423
1509 0.379943 0.0159538  0.604103
3277 0.64009 0.0893524  0.270558
3212 0.143247 0.33484  0.521914
1507 0.0526656 0.501814  0.445521
873 0.370982 0.156543  0.472475
1780 0.0501274 0.43093  0.518943
1686 0.0590099 0.239428  0.701562
1870 0.0630347 0.440902  0.496063
2094 0.438053 0.127595  0.434351
222 0.114459 0.338559  0.546982
2396 0.292695 0.643578  0.0637269
392 0.589831 0.363244  0.0469247
3261 0.65322 0.141577  0.205203
2762 0.354691 0.101123  0.544187
1348 0.604103 0.17375  0.222147
664 0.392533 0.333287  0.27418
756 0.31794 0.4651  0.216959
3395 0.22016 0.606173  0.173666
3001 0.195979 0.0108162  0.793205
651 0.193969 0.280259  0.525772
819 0.0211001 0.283462  0.695438
1627 0.122767 0.423889  0.453344
3104 0.310393 0.455536  0.234072
1122 0.339896 0.212241  0.447863
695 0.283777 0.346151  0.370072
2682 0.259724 0.324918  0.415358
3523 0.760911 0.058927  0.180162
2740 0.622364 0.128074  0.249563
1506 0.31064 0.254555  0.434805
3213 0.299789 0.283317  0.416894
1164 0.318721 0.230509  0.45077
2177 0.364545 0.394308  0.241148
1480 0.305916 0.119079  0.575006
1498 0.556769 0.358435  0.0847957
48 0.482352 0.428467  0.0891815
54 0.288092 0.343778  0.368129
1639 0.0633962 0.336855  0.599749
1941 0.0389069 0.761266  0.199827
3278 0.415076 0.300993  0.283931
526 0.449691 0.506463  0.0438453
2855 0.778579 0.114716  0.106706
3001 0.4569 0.348617  0.194483
1333 0.29279 0.314702  0.392508
2874 0.78025 0.0558276  0.163922
2764 0.45063 0.14801  0.401361
3036 0.249894 0.401855  0.348251
3336 0.177525 0.444054  0.378421
2404 0.453669 0.309763  0.236568
2394 0.874529 0.0314607  0.0940105
402 0.417533 0.353726  0.228741
1991 0.205205 0.289861  0.504933
2713 0.0930563 0.783736  0.123208
615 0.321948 0.63525  0.0428015
120 0.129013 0.423438  0.447549
1963 0.226766 0.380388  0.392846
1548 0.0654395 0.316133  0.618427
1795 0.472765 0.174024  0.353211
1402 0.319487 0.549251  0.131262
929 0.264987 0.397502  0.337511
78 0.823818 0.0662412  0.109941
2582 0.354766 0.360302  0.284932
1144 0.127783 0.632917  0.2393
2014 0.259155 0.13065  0.610195
222 0.400253 0.465648  0.134099
3254 0.210956 0.439963  0.349082
367 0.0385939 0.656116  0.305291
3466 0.199685 0.470529  0.329787
1540 0.397092 0.315557  0.287352
3498 0.283272 0.29026  0.426468
292 0.74924 0.128578  0.122182
2796 0.276142 0.371355  0.352503
439 0.216759 0.292192  0.491048
1330 0.334904 0.225186  0.43991
2604 0.340922 0.438877  0.220201
200 0.309213 0.495981  0.194806
1596 0.17217 0.415531  0.412299
426 0.282221 0.367804  0.349975
1809 0.159151 0.203851  0.636998
871 0.0255449 0.026593  0.947862
2232 0.404425 0.475628  0.119947
2919 0.623268 0.0983243  0.278408
3105 0.416143 0.304206  0.279651
1121 0.220517 0.435643  0.34384
1600 0.184267 0.4746  0.341133
1592 0.0548451 0.682823  0.262331
150 0.277678 0.409658  0.312664
206 0.379271 0.0801111  0.540618
479 0.249051 0.377221  0.373728
599 0.532217 0.454001  0.0137823
3262 0.419572 0.242597  0.337831
908 0.587802 0.379071  0.0331273
2805 0.289514 0.314468  0.396018
2606 0.246623 0.0543808  0.698997
1994 0.417066 0.318398  0.264536
432 0.151002 0.554448  0.29455
3406 0.420125 0.433823  0.146052
2599 0.103804 0.59784  0.298356
3350 0.808106 0.0733683  0.118526
1914 0.375407 0.468267  0.156326
748 0.577256 0.0108277  0.411917
172 0.351851 0.205879  0.442269
166 0.0469327 0.614274  0.338794
1999 0.200379 0.436415  0.363206
3142 0.176991 0.397148  0.425861
1329 0.0710881 0.331476  0.597436
1205 0.214607 0.473582  0.311811
595 0.658414 0.0885513  0.253034
355 0.711455 0.114121  0.174424
1113 0.234643 0.364254  0.401103
954 0.335226 0.186439  0.478336
3208 0.131219 0.453494  0.415287
120 0.209854 0.0623786  0.727767
2761 0.282618 0.361724  0.355658
1992 0.0149466 0.414595  0.570458
433 0.0667694 0.605547  0.327684
3245 0.324629 0.309227  0.366144
1385 0.697268 0.0985817  0.204151
2921 0.196373 0.263119  0.540508
27 0.0737389 0.224018  0.702243
579 0.567612 0.0107553  0.421633
1236 0.07072 0.648484  0.280796
2073 0.178389 0.537604  0.284007
1800 0.716306 0.0702036  0.213491
2357 0.589879 0.382281  0.0278405
3189 0.321506 0.217439  0.461055
343 0.365299 0.459679  0.175022
2845 0.482824 0.114602  0.402574
733 0.296033 0.354336  0.349631
780 0.558806 0.314867  0.126327
2375 0.0460311 0.531656  0.422313
253 0.443734 0.279934  0.276332
1798 0.319115 0.289597  0.391288
2073 0.369414 0.50184  0.128747
2762 0.438538 0.179824  0.381638
2173 0.356237 0.0842762  0.559487
795 0.268906 0.311361  0.419733
3313 0.333811 0.320427  0.345762
2164 0.509531 0.0847406  0.405728
1820 0.452142 0.227594  0.320264
723 0.0325101 0.647321  0.320169
1341 0.374005 0.243746  0.382248
741 0.133092 0.311923  0.554985
1959 0.209195 0.512225  0.27858
1805 0.073143 0.646971  0.279886
479 0.304741 0.355295  0.339964
1114 0.529255 0.393891  0.0768538
3363 0.374523 0.486221  0.139256
135 0.383144 0.370682  0.246174
3469 0.143533 0.361485  0.494983
965 0.0474852 0.518356  0.434159
843 0.180316 0.552014  0.26767
629 0.291342 0.412445  0.296213
389 0.361848 0.342525  0.295626
310 0.405642 0.176487  0.417872
754 0.374567 0.416071  0.209362
922 0.460075 0.522112  0.0178127
865 0.186669 0.3731  0.440231
366 0.18656 0.366538  0.446902
2806 0.54297 0.404197  0.0528332
3545 0.655227 0.0962099  0.248563
674 0.354583 0.37051  0.274907
13 0.486183 0.299976  0.21384
1343 0.14669 0.36628  0.48703
700 0.243271 0.262804  0.493925
114 0.369648 0.302754  0.327598
1025 0.100438 0.39511  0.504452
3400 0.129586 0.0253619  0.845053
1932 0.113771 0.1281  0.758129
145 0.350757 0.360071  0.289172
271 0.164166 0.397794  0.43804
3438 0.404147 0.146107  0.449746
3097 0.339221 0.539289  0.12149
2698 0.265104 0.618798  0.116097
455 0.3712 0.283175  0.345625
2277 0.598146 0.162283  0.239571
2162 0.928724 0.0334823  0.0377933
2950 0.176621 0.786423  0.0369557
1910 0.29425 0.387535  0.318214
2140 0.335865 0.38483  0.279305
430 0.19304 0.103074  0.703886
1994 0.385238 0.221548  0.393214
462 0.340154 0.241701  0.418145
2291 0.574395 0.0227057  0.4029
390 0.0664832 0.517916  0.415601
953 0.143057 0.320539  0.536404
3040 0.0293076 0.463111  0.507581
597 0.346906 0.322158  0.330935
1741 0.125129 0.317557  0.557314
433 0.242608 0.446179  0.311214
2132 0.392898 0.105217  0.501886
1985 0.222435 0.180712  0.596854
216 0.518332 0.10311  0.378558
2163 0.0501514 0.56389  0.385959
3509 0.403446 0.450639  0.145915
1614 0.247937 0.362811  0.389251
1320 0.0602207 0.134538  0.805241
333 0.404662 0.0794438  0.515894
2085 0.574039 0.128298  0.297663
150 0.536777 0.0807205  0.382503
333 0.16653 0.402244  0.431226
981 0.463368 0.406993  0.129638
505 0.369107 0.359612  0.271282
1212 0.50072 0.425175  0.0741046
371 0.343237 0.228723  0.42804
504 0.105186 0.320293  0.574521
3021 0.482971 0.104412  0.412617
1109 0.384121 0.278382  0.337497
370 0.483289 0.306401  0.21031
2914 0.351374 0.199784  0.448841
3549 0.206735 0.720492  0.0727736
1630 0.243428 0.611054  0.145518
871 0.417457 0.209384  0.373159
2235 0.106564 0.557811  0.335624
732 0.204101 0.513511  0.282388
3152 0.331538 0.103019  0.565443
1492 0.418089 0.11115  0.47076
626 0.285239 0.229033  0.485728
1339 0.333438 0.57363  0.0929324
1353 0.392421 0.38017  0.22741
2702 0.374237 0.258314  0.367449
3508 0.343249 0.313055  0.343697
2874 0.193898 0.778378  0.0277239
1864 0.204582 0.0294096  0.766008
5 0.188219 0.463508  0.348273
1383 0.588518 0.34715  0.064332
863 0.0521352 0.549488  0.398377
883 0.173224 0.126048  0.700727
1487 0.320336 0.159733  0.519932
1920 0.31481 0.381721  0.303469
3213 0.00795024 0.566991  0.425059
1751 0.312421 0.426435  0.261144
1216 0.487449 0.405679  0.106872
2467 0.265894 0.643225  0.0908807
1456 0.547809 0.283518  0.168673
306 0.505443 0.227582  0.266975
401 0.474984 0.218816  0.3062
781 0.759634 0.16293  0.0774356
2008 0.331886 0.137271  0.530843
161 0.77554 0.15506  0.0693993
867 0.0815373 0.277648  0.640814
3330 0.397898 0.183263  0.418839
831 0.437093 0.252861  0.310046
910 0.274735 0.287178  0.438087
1891 0.285944 0.57943  0.134625
2437 0.0834089 0.765427  0.151164
2623 0.152184 0.301045  0.546771
935 0.643581 0.155632  0.200786
1245 0.0976399 0.468436  0.433925
1641 0.276842 0.369023  0.354135
1337 0.461094 0.49083  0.0480761
3333 0.196485 0.735891  0.0676237
1494 0.0718349 0.310502  0.617663
659 0.328084 0.263004  0.408912
1430 0.514065 0.370727  0.115208
3331 0.531314 0.321402  0.147284
2019 0.197268 0.368205  0.434527
708 0.394808 0.142689  0.462503
1036 0.54729 0.275833  0.176877
1938 0.141954 0.282439  0.575608
1524 0.202372 0.117547  0.680081
3480 0.197375 0.408411  0.394214
36 0.10696 0.471101  0.421939
3213 0.573419 0.147476  0.279106
684 0.246187 0.527988  0.225825
1652 0.163079 0.525676  0.311245
3002 0.34628 0.406738  0.246981
432 0.307705 0.625268  0.0670276
2207 0.514785 0.299501  0.185714
1737 0.484086 0.411653  0.104261
3508 0.369878 0.544927  0.0851959
1801 0.327606 0.0815751  0.590818
326 0.427807 0.303036  0.269158
2272 0.363232 0.266092  0.370675
2874 0.367635 0.0512533  0.581112
3349 0.529124 0.249288  0.221588
1213 0.0400848 0.501383  0.458532
3253 0.265273 0.532034  0.202693
2093 0.257316 0.410128  0.332556
1516 0.13754 0.362302  0.500157
1037 0.443048 0.312214  0.244738
2912 0.126581 0.297627  0.575792
674 0.0433103 0.567697  0.388993
2850 0.0954557 0.464027  0.440517
3086 0.333009 0.37438  0.292611
2774 0.438897 0.487233  0.0738699
2795 0.405957 0.268521  0.325523
2186 0.438903 0.31628  0.244817
3150 0.149629 0.459344  0.391028
949 0.4514 0.473409  0.0751905
2757 0.352843 0.085644  0.561513
2030 0.227128 0.36072  0.412152
1641 0.552209 0.355558  0.0922336
2263 0.336986 0.440052  0.222962
1742 0.408217 0.145723  0.446061
2465 0.42179 0.105896  0.472314
1063 0.334901 0.421631  0.243467
2690 0.356671 0.295191  0.348138
747 0.240744 0.717116  0.0421398
2188 0.728444 0.125505  0.146051
370 0.101346 0.386322  0.512331
3325 0.211479 0.368838  0.419683
2768 0.284437 0.361906  0.353657
1147 0.67544 0.173301  0.151258
2474 0.286058 0.248773  0.46517
2914 0.213576 0.250703  0.535721
1891 0.39303 0.328172  0.278798
1203 0.412441 0.211723  0.375836
2478 0.412466 0.399734  0.1878
118 0.222326 0.297533  0.480141
2194 0.129443 0.0460964  0.82446
560 0.0825581 0.329078  0.588363
3508 0.150532 0.41106  0.438408
2978 0.0855708 0.325121  0.589308
160 0.0735991 0.904242  0.0221589
1878 0.171904 0.593679  0.234418
3507 0.213098 0.367973  0.418929
815 0.110171 0.209966  0.679863
1420 0.159327 0.374254  0.466419
2490 0.227833 0.565559  0.206608
2981 0.155795 0.331463  0.512742
303 0.357699 0.481119  0.161181
2708 0.0478276 0.663415  0.288757
3344 0.188838 0.600803  0.210359
2775 0.318655 0.400559  0.280786
597 0.228127 0.407658  0.364215
3508 0.214329 0.165535  0.620136
2772 0.282191 0.28376  0.434048
1093 0.14653 0.247259  0.606211
1779 0.543316 0.43651  0.0201742
836 0.505413 0.431967  0.0626193
2658 0.381189 0.51613  0.10268
309 0.426341 0.144964  0.428695
3520 0.0675747 0.448004  0.484421
2608 0.554646 0.131314  0.31404
3164 0.334558 0.304997  0.360445
1809 0.193457 0.680295  0.126248
1938 0.50366 0.403401  0.092939
2834 0.286733 0.550292  0.162975
3519 0.461788 0.24343  0.294782
1716 0.647492 0.174993  0.177515
118 0.21835 0.662864  0.118786
3143 0.155208 0.690611  0.154181
797 0.511149 0.122725  0.366126
2895 0.504758 0.237262  0.25798
2587 0.717644 0.0843416  0.198014
847 0.339836 0.437945  0.22222
333 0.320668 0.361375  0.317957
972 0.202554 0.172893  0.624553
1065 0.317438 0.224691  0.457871
3478 0.504657 0.150337  0.345006
1793 0.359434 0.265388  0.375179
746 0.200277 0.2033  0.596423
777 0.640167 0.0153408  0.344492
206 0.418881 0.062388  0.518731
1339 0.306758 0.0356812  0.657561
600 0.488827 0.390432  0.120741
1382 0.0292333 0.498846  0.47192
2043 0.238063 0.415516  0.346422
1493 0.310551 0.365222  0.324227
617 0.271404 0.520143  0.208453
456 0.484058 0.120768  0.395174
3342 0.21594 0.367005  0.417055
1726 0.372012 0.347876  0.280112
1563 0.461347 0.186193  0.35246
567 0.0510248 0.151546  0.797429
369 0.413186 0.0600295  0.526785
389 0.013144 0.260023  0.726833
1994 0.472075 0.199085  0.32884
3007 0.422513 0.528826  0.0486609
3070 0.624803 0.16908  0.206117
3380 0.394944 0.372862  0.232194
2394 0.670708 0.276943  0.0523494
2 0.206479 0.395352  0.398169
3544 0.275285 0.0666385  0.658076
368 0.0762154 0.113715  0.81007
392 0.19254 0.646577  0.160883
436 0.297557 0.287936  0.414507
2067 0.511795 0.0262164  0.461988
2397 0.445313 0.274586  0.280102
964 0.451521 0.160392  0.388088
2589 0.208733 0.682199  0.109068
2977 0.0628653 0.771877  0.165258
670 0.532191 0.450517  0.0172922
394 0.0586001 0.702946  0.238454
571 0.394003 0.414252  0.191745
1596 0.243617 0.567133  0.18925
1594 0.23528 0.410299  0.354422
736 0.256503 0.0757995  0.667698
247 0.510444 0.0843433  0.405212
3331 0.5953 0.114887  0.289813
3395 0.483586 0.190366  0.326047
1559 0.340779 0.442068  0.217154
1590 0.266538 0.703268  0.0301937
3155 0.489857 0.133302  0.376841
1339 0.42163 0.383523  0.194848
2211 0.498507 0.328894  0.172599
3131 0.394892 0.347607  0.257501
2998 0.809572 0.0867236  0.103704
544 0.367303 0.228102  0.404596
2759 0.377364 0.481266  0.14137
2042 0.163178 0.768417  0.0684042
497 0.474855 0.0311486  0.493997
1998 0.364643 0.432014  0.203342
2724 0.184692 0.460455  0.354852
3096 0.325499 0.10669  0.567811
1076 0.320532 0.309165  0.370303
2573 0.454656 0.0477  0.497644
1557 0.706974 0.0919282  0.201098
3087 0.532057 0.40388  0.0640636
1811 0.160997 0.320944  0.518059
1510 0.647269 0.162298  0.190433
2618 0.283121 0.247407  0.469472
242 0.288836 0.438899  0.272264
600 0.433939 0.235368  0.330693
2431 0.456593 0.464128  0.0792791
477 0.439412 0.141643  0.418945
22 0.246688 0.332774  0.420539
3531 0.202253 0.268995  0.528752
1489 0.74871 0.209506  0.0417842
2004 0.143322 0.327453  0.529225
2683 0.396854 0.415838  0.187308
2552 0.320985 0.46287  0.216145
2393 0.225111 0.7118  0.0630886
1686 0.67778 0.235177  0.0870432
952 0.375938 0.426938  0.197125
1911 0.196146 0.369594  0.43426
1299 0.12493 0.0617498  0.81332
86 0.541463 0.32937  0.129166
964 0.266984 0.442202  0.290814
3339 0.124906 0.45162  0.423474
1198 0.385076 0.300664  0.314261
996 0.479025 0.0969481  0.424027
174 0.708306 0.104541  0.187153
1549 0.43157 0.363348  0.205082
602 0.350347 0.326032  0.32362
3206 0.172118 0.188345  0.639537
788 0.351296 0.186594  0.462109
1026 0.210536 0.115393  0.674071
1229 0.437348 0.0857634  0.476889
2932 0.176005 0.475376  0.348619
2848 0.310588 0.487987  0.201424
1753 0.148863 0.287224  0.563913
734 0.115403 0.502626  0.381971
3348 0.347846 0.296896  0.355258
1628 0.301796 0.261844  0.43636
1091 0.762588 0.13062  0.106792
1262 0.211732 0.441651  0.346617
2632 0.393554 0.00760509  0.598841
976 0.0777671 0.726339  0.195894
1123 0.428645 0.131802  0.439553
3481 0.464244 0.132733  0.403023
706 0.258132 0.361551  0.380316
1791 0.331083 0.34733  0.321587
2710 0.176732 0.21036  0.612908
1756 0.432563 0.0689631  0.498474
2900 0.493923 0.068946  0.437131
1342 0.313057 0.322906  0.364037
1432 0.276384 0.664956  0.0586608
1788 0.115757 0.483094  0.401149
627 0.122202 0.0934481  0.78435
3342 0.519335 0.315555  0.16511
2310 0.121646 0.082124  0.79623
2843 0.359264 0.346294  0.294442
2411 0.495592 0.159834  0.344574
3353 0.417819 0.270087  0.312095
760 0.330125 0.407697  0.262178
143 0.595736 0.0449434  0.359321
907 0.426633 0.426229  0.147138
233 0.0295397 0.361175  0.609285
2703 0.397432 0.0278701  0.574698
934 0.314882 0.423254  0.261864
433 0.402359 0.277944  0.319697
1762 0.537074 0.109504  0.353421
791 0.0238592 0.861471  0.11467
1765 0.450773 0.201656  0.347572
116 0.606936 0.0266432  0.366421
1390 0.148327 0.703428  0.148245
60 0.0193995 0.546897  0.433703
2916 0.436937 0.3983  0.164763
1630 0.0936356 0.439036  0.467328
2703 0.197349 0.19555  0.607101
3135 0.718355 0.181019  0.100626
297 0.45356 0.0172118  0.529228
2871 0.157655 0.286207  0.556138
2416 0.420678 0.289718  0.289604
1501 0.0518562 0.533867  0.414277
2740 0.346708 0.316587  0.336705
1542 0.140491 0.424108  0.435402
469 0.383283 0.35711  0.259608
1675 0.219626 0.556731  0.223643
2762 0.0115409 0.523777  0.464682
359 0.0312955 0.333789  0.634915
2593 0.598545 0.163858  0.237598
2873 0.269659 0.39815  0.332191
1144 0.275788 0.0898575  0.634355
933 0.114131 0.626922  0.258947
208 0.44507 0.388671  0.166259
58 0.214934 0.268097  0.516969
3501 0.136877 0.398385  0.464739
980 0.410039 0.332059  0.257902
2012 0.559783 0.0641397  0.376078
560 0.0783293 0.657692  0.263978
2267 0.71244 0.213483  0.0740764
774 0.312128 0.303642  0.38423
335 0.366805 0.462292  0.170902
83 0.356231 0.49608  0.147689
3532 0.242054 0.341688  0.416258
673 0.323248 0.330887  0.345864
1900 0.221861 0.623861  0.154277
2691 0.35942 0.139615  0.500964
2693 0.339511 0.343966  0.316523
695 0.467316 0.0998997  0.432784
575 0.513588 0.201056  0.285356
943 0.361346 0.278603  0.360051
2341 0.218623 0.474759  0.306618
3254 0.026269 0.54084  0.432891
2725 0.409185 0.375223  0.215591
2882 0.111226 0.680482  0.208292
454 0.623257 0.16315  0.213593
3409 0.015693 0.212931  0.771376
1391 0.332326 0.634156  0.033518
1370 0.277563 0.405747  0.316689
3129 0.228782 0.157322  0.613895
1839 0.488148 0.0728638  0.438989
1890 0.373719 0.260536  0.365745
308 0.0998074 0.244995  0.655197
609 0.262757 0.0172464  0.719996
1432 0.304417 0.399944  0.295639
83 0.139865 0.633657  0.226478
1980 0.459985 0.487832  0.0521832
875 0.274335 0.446783  0.278882
3449 0.410705 0.167638  0.421658
3203 0.522455 0.430778  0.0467672
3097 0.138067 0.464485  0.397448
814 0.266652 0.190325  0.543023
1328 0.550918 0.137696  0.311386
284 0.285046 0.385189  0.329765
3401 0.298056 0.388327  0.313618
2012 0.257138 0.397142  0.34572
133 0.234053 0.364982  0.400965
1589 0.143759 0.134059  0.722182
3510 0.374343 0.360923  0.264734
2261 0.369241 0.219034  0.411725
2055 0.163583 0.356896  0.479521
110 0.0272668 0.467725  0.505008
1627 0.492428 0.498494  0.00907773
1716 0.377898 0.107939  0.514162
1064 0.695103 0.205001  0.0998964
287 0.143114 0.756122  0.100764
472 0.380716 0.503836  0.115448
703 0.1597 0.261656  0.578645
235 0.310422 0.453725  0.235854
657 0.438095 0.402046  0.159858
2739 0.284654 0.0189249  0.696421
59 0.213806 0.548467  0.237727
660 0.159821 0.553499  0.28668
125 0.228671 0.303585  0.467743
1035 0.249153 0.0812201  0.669627
2742 0.309809 0.495437  0.194754
2579 0.285411 0.268964  0.445625
611 0.36245 0.31  0.32755
350 0.553283 0.383391  0.0633257
971 0.514333 0.297647  0.18802
550 0.355269 0.178529  0.466202
117 0.231695 0.336314  0.43199
1720 0.260385 0.267383  0.472233
779 0.450243 0.362734  0.187024
1499 0.372894 0.299088  0.328018
78 0.265112 0.159653  0.575234
885 0.261561 0.370444  0.367995
3238 0.554971 0.372404  0.0726255
2850 0.551302 0.367303  0.0813957
1488 0.430281 0.309884  0.259835
1602 0.355001 0.510158  0.134841
2029 0.3499 0.395309  0.254791
380 0.316858 0.38574  0.297402
1509 0.430165 0.478433  0.091402
307 0.230358 0.466679  0.302963
2873 0.898477 0.0425006  0.0590225
698 0.050911 0.189952  0.759137
2171 0.417592 0.238774  0.343635
3268 0.274175 0.305386  0.420439
1490 0.333599 0.415204  0.251197
2235 0.0450392 0.652334  0.302627
2086 0.0604546 0.467135  0.47241
1789 0.0313472 0.117237  0.851415
2179 0.196034 0.380733  0.423233
663 0.322208 0.486267  0.191525
2016 0.424379 0.415299  0.160322
2324 0.515554 0.37208  0.112365
1939 0.533991 0.08529  0.380719
1736 0.355706 0.507784  0.13651
972 0.404234 0.524461  0.0713052
2768 0.260213 0.446595  0.293193
1640 0.595799 0.189063  0.215137
2894 0.5789 0.132252  0.288849
1515 0.263941 0.303878  0.432181
51 0.150428 0.370516  0.479056
3485 0.262483 0.309995  0.427523
463 0.578455 0.286426  0.135119
1439 0.495969 0.313943  0.190088
1879 0.310858 0.315248  0.373895
1559 0.293665 0.23761  0.468725
2399 0.185901 0.44612  0.367979
697 0.190694 0.394426  0.41488
1498 0.364186 0.178359  0.457454
18 0.339118 0.244626  0.416256
2000 0.445645 0.5249  0.0294546
2680 0.387725 0.441902  0.170374
2850 0.482639 0.258929  0.258432
1207 0.319065 0.43735  0.243585
2191 0.264232 0.244883  0.490885
2792 0.236325 0.299137  0.464539
1129 0.015919 0.456883  0.527198
2652 0.414943 0.0979203  0.487137
452 0.212566 0.354339  0.433095
1543 0.232357 0.445132  0.322511
3500 0.282132 0.286065  0.431803
628 0.37016 0.483144  0.146696
556 0.338654 0.302816  0.35853
2846 0.387976 0.441425  0.170599
369 0.402322 0.16983  0.427848
2442 0.395183 0.272753  0.332064
2722 0.51798 0.068292  0.413728
1232 0.230865 0.367575  0.40156
2848 0.358606 0.543893  0.0975018
3224 0.0228844 0.851356  0.125759
1035 0.316388 0.343721  0.339891
3130 0.242833 0.382851  0.374316
1114 0.396753 0.216277  0.386971
2896 0.0462492 0.259554  0.694197
1763 0.235641 0.282672  0.481686
1309 0.381703 0.541664  0.0766331
111 0.21611 0.251846  0.532044
3321 0.694103 0.0250018  0.280896
329 0.222328 0.57772  0.199952
3073 0.45823 0.3253  0.216471
32 0.825217 0.0618325  0.11295
2067 0.445247 0.43009  0.124663
655 0.343935 0.438911  0.217154
1988 0.294862 0.512204  0.192934
1633 0.223204 0.244018  0.532778
3070 0.153559 0.275306  0.571135
2128 0.149964 0.536944  0.313092
814 0.16866 0.127491  0.703849
1418 0.1845 0.726458  0.0890425
2010 0.116654 0.670507  0.212839
2972 0.363167 0.442768  0.194065
369 0.439625 0.325288  0.235087
1593 0.438075 0.228851  0.333074
200 0.130008 0.0516737  0.818318
2155 0.03779 0.770219  0.191991
2058 0.494762 0.288727  0.21651
1800 0.426922 0.269325  0.303753
3499 0.340349 0.267038  0.392614
2950 0.456452 0.377927  0.165621
1328 0.660243 0.275122  0.0646343
2680 0.12559 0.435983  0.438427
1066 0.172141 0.737828  0.0900311
2314 0.0897241 0.198031  0.712245
1200 0.392233 0.112244  0.495522
840 0.0163473 0.627159  0.356494
2912 0.0500655 0.441637  0.508297
3189 0.052529 0.328544  0.618927
1794 0.328677 0.361682  0.309641
60 0.421357 0.262268  0.316375
1641 0.514748 0.348393  0.136859
3371 0.0517687 0.799593  0.148638
1791 0.350643 0.442924  0.206433
1684 0.599961 0.0679581  0.332081
3096 0.414327 0.119239  0.466434
238 0.442976 0.22599  0.331034
831 0.367315 0.410747  0.221938
1626 0.0473778 0.184949  0.767673
390 0.722325 0.0506813  0.226994
1821 0.323116 0.0435622  0.633322
2167 0.370648 0.285313  0.344038
1383 0.231061 0.416729  0.35221
1314 0.0389037 0.34659  0.614507
476 0.124287 0.176287  0.699426
1260 0.325695 0.343588  0.330717
672 0.206225 0.0659125  0.727863
572 0.489237 0.432624  0.0781385
596 0.447189 0.222743  0.330067
2467 0.546835 0.374394  0.0787713
52 0.393482 0.293085  0.313433
1794 0.163927 0.382277  0.453796
1326 0.557659 0.0203871  0.421954
501 0.111548 0.751731  0.136721
3150 0.404369 0.385578  0.210053
2176 0.50335 0.138959  0.357692
3217 0.877386 0.0860411  0.0365726
2058 0.489392 0.119395  0.391213
3550 0.177465 0.343971  0.478564
2158 0.592093 0.169132  0.238775
1998 0.373892 0.25788  0.368228
2307 0.287394 0.297039  0.415568
3383 0.179162 0.511566  0.309272
191 0.244376 0.279217  0.476408
3465 0.361809 0.498369  0.139822
76 0.6337 0.0740112  0.292288
1505 0.33645 0.155633  0.507917
654 0.0613058 0.437021  0.501673
1071 0.327411 0.143995  0.528594
3346 0.556097 0.399329  0.0445737
3506 0.203825 0.47619  0.319984
1752 0.669955 0.0755525  0.254493
1169 0.622876 0.060417  0.316707
1071 0.158256 0.403133  0.438611
5 0.604231 0.0400523  0.355716
2022 0.0769513 0.156282  0.766766
2934 0.630902 0.137883  0.231215
231 0.362084 0.344976  0.292941
3329 0.582088 0.147619  0.270292
3062 0.274886 0.365786  0.359328
3334 0.189854 0.202046  0.6081
2328 0.322044 0.0702658  0.607691
1117 0.416135 0.286948  0.296917
1632 0.139474 0.372792  0.487734
2721 0.426159 0.243126  0.330715
176 0.18583 0.360529  0.45364
1601 0.209291 0.344108  0.446602
3135 0.0707248 0.430098  0.499177
1077 0.213125 0.689147  0.0977278
286 0.245288 0.379425  0.375288
1332 0.413864 0.266312  0.319825
321 0.118012 0.451423  0.430565
2298 0.311213 0.349327  0.33946
2376 0.0881612 0.459913  0.451926
2969 0.233496 0.355793  0.410711
1918 0.47973 0.455591  0.0646787
3259 0.360388 0.267746  0.371865
3467 0.0739529 0.842836  0.0832111
570 0.412758 0.438967  0.148275
1144 0.0195754 0.566829  0.413596
1422 0.056986 0.680049  0.262965
787 0.302934 0.426545  0.270521
1218 0.046966 0.470571  0.482463
3117 0.372615 0.108513  0.518872
3292 0.304134 0.343685  0.352181
1073 0.407009 0.142272  0.450719
2484 0.0694541 0.456106  0.47444
1000 0.18705 0.636477  0.176474
1233 0.491179 0.372018  0.136803
3545 0.370162 0.387525  0.242313
78 0.275161 0.19806  0.526779
2323 0.27387 0.110763  0.615367
2474 0.687663 0.225882  0.0864553
1790 0.44019 0.514329  0.045481
3246 0.611107 0.369437  0.0194556
3356 0.108496 0.699313  0.192191
1430 0.0685046 0.79885  0.132645
2843 0.442103 0.433878  0.124019
2969 0.258268 0.114568  0.627164
237 0.487219 0.298417  0.214364
2286 0.483773 0.175932  0.340296
2693 0.246903 0.672806  0.0802909
199 0.37561 0.314341  0.310049
975 0.380898 0.184624  0.434478
2497 0.340958 0.568932  0.0901106
703 0.00775229 0.366469  0.625779
1593 0.0321213 0.472262  0.495617
1075 0.125876 0.697627  0.176497
3234 0.426503 0.210345  0.363151
1040 0.444453 0.480431  0.0751166
3496 0.163869 0.348162  0.487968
1415 0.0621225 0.461278  0.476599
1605 0.66789 0.27227  0.0598402
3214 0.33029 0.386818  0.282892
630 0.342155 0.411239  0.246606
1676 0.290169 0.364169  0.345661
1139 0.189902 0.367253  0.442845
3277 0.361833 0.587716  0.0504511
3491 0.414664 0.538111  0.0472251
478 0.382631 0.256832  0.360537
393 0.792265 0.106169  0.101567
2222 0.460155 0.2711  0.268745
2632 0.327469 0.185204  0.487327
85 0.18505 0.439845  0.375105
745 0.19381 0.129832  0.676357
1794 0.239111 0.298881  0.462008
1498 0.394272 0.402246  0.203483
2761 0.493474 0.135227  0.3713
3334 0.456243 0.299759  0.243998
815 0.384064 0.362445  0.253491
29 0.390111 0.469144  0.140745
2554 0.0904979 0.443622  0.46588
1870 0.404216 0.449696  0.146088
2742 0.182172 0.361446  0.456382
3153 0.582645 0.393977  0.0233781
312 0.0962669 0.426775  0.476958
3006 0.427938 0.454955  0.117107
1753 0.149475 0.126244  0.72428
2273 0.595303 0.171168  0.233529
393 0.304489 0.322917  0.372594
2474 0.340188 0.427118  0.232694
375 0.492005 0.401807  0.106188
1330 0.414632 0.167308  0.41806
1999 0.281784 0.28939  0.428826
1745 0.741245 0.122343  0.136412
2909 0.279045 0.567854  0.153101
2876 0.276548 0.386643  0.336809
1559 0.155836 0.514714  0.32945
29 0.455216 0.159447  0.385337
2123 0.0929957 0.385438  0.521566
2219 0.602844 0.206517  0.190639
3507 0.227357 0.31955  0.453093
2724 0.677035 0.298527  0.0244384
3138 0.584793 0.298087  0.11712
2164 0.183239 0.40998  0.406781
544 0.0537248 0.494613  0.451662
1941 0.231157 0.195966  0.572877
151 0.284864 0.16769  0.547445
2828 0.39863 0.312471  0.288899
572 0.403284 0.326399  0.270316
2110 0.13369 0.405214  0.461095
527 0.224985 0.354605  0.420409
2492 0.360032 0.389122  0.250846
3044 0.329154 0.273208  0.397637
2164 0.293042 0.484902  0.222056
963 0.271877 0.240457  0.487666
748 0.330424 0.384059  0.285516
129 0.314948 0.418181  0.266871
235 0.157529 0.196763  0.645708
343 0.140352 0.322967  0.536681
2393 0.125295 0.819241  0.0554649
2878 0.218107 0.315437  0.466456
3327 0.336446 0.164698  0.498856
1680 0.218082 0.474293  0.307625
1296 0.417638 0.376104  0.206258
2916 0.415473 0.292346  0.292182
2560 0.14757 0.466401  0.386029
2162 0.201306 0.433345  0.365349
1663 0.398756 0.293159  0.308085
2863 0.0412095 0.521023  0.437768
639 0.694607 0.0200376  0.285355
2323 0.0518797 0.910268  0.0378524
144 0.227345 0.388057  0.384598
2615 0.217497 0.459192  0.323311
1638 0.376563 0.453745  0.169692
3457 0.364543 0.395482  0.239975
2252 0.364814 0.540197  0.0949885
2836 0.30502 0.409166  0.285813
888 0.594922 0.208263  0.196816
1200 0.599182 0.329865  0.0709523
2443 0.518132 0.279215  0.202654
2180 0.441179 0.0632078  0.495613
1506 0.339647 0.174281  0.486073
5 0.0457627 0.410645  0.543592
2638 0.50171 0.280425  0.217865
2590 0.188356 0.526709  0.284935
3421 0.51597 0.233094  0.250936
858 0.231559 0.334461  0.43398
232 0.382645 0.321621  0.295734
379 0.520787 0.232548  0.246665
1763 0.0954635 0.393884  0.510652
2743 0.5517 0.14039  0.30791
1455 0.208943 0.416082  0.374975
634 0.604347 0.23091  0.164744
1722 0.437937 0.184096  0.377968
674 0.363479 0.418857  0.217664
2794 0.477695 0.24704  0.275265
3000 0.0138838 0.5039  0.482217
3034 0.398277 0.366448  0.235276
1803 0.181501 0.169377  0.649122
2132 0.13125 0.31904  0.54971
702 0.499438 0.402306  0.0982555
285 0.0478481 0.439772  0.512379
494 0.287377 0.28751  0.425113
1722 0.180099 0.314717  0.505184
471 0.786922 0.0981586  0.114919
509 0.353888 0.179731  0.466381
342 0.0803432 0.759684  0.159973
2227 0.210642 0.0796606  0.709697
3344 0.334955 0.465388  0.199658
2856 0.568158 0.255434  0.176407
820 0.318239 0.484523  0.197237
2492 0.457345 0.231602  0.311054
2219 0.225949 0.105144  0.668907
2029 0.513239 0.314766  0.171995
2590 0.497773 0.182603  0.319624
937 0.452659 0.142815  0.404526
1914 0.27926 0.231835  0.488905
1087 0.246109 0.728653  0.0252379
727 0.434606 0.0801047  0.485289
1728 0.414382 0.1281  0.457517
1804 0.102547 0.414429  0.483024
2519 0.13692 0.577671  0.285409
560 0.201741 0.431  0.36726
2208 0.0192154 0.366832  0.613953
2469 0.527564 0.142799  0.329638
2234 0.404722 0.0631267  0.532152
2210 0.393446 0.286615  0.319939
2004 0.103803 0.501041  0.395157
2443 0.30807 0.401702  0.290228
1318 0.347643 0.608173  0.0441845
394 0.150303 0.45366  0.396037
536 0.270927 0.616111  0.112962
2300 0.0113423 0.460782  0.527875
684 0.416909 0.45395  0.129141
1912 0.536833 0.344132  0.119035
1262 0.0627662 0.53321  0.404024
1927 0.400357 0.534682  0.0649616
3076 0.292452 0.283331  0.424217
982 0.647733 0.151297  0.20097
1621 0.171603 0.304371  0.524026
2592 0.435081 0.527861  0.037058
2483 0.246621 0.545066  0.208314
43 0.276317 0.0551933  0.668489
2298 0.638781 0.0363124  0.324907
1826 0.613548 0.160605  0.225847
2186 0.136339 0.74449  0.119171
1920 0.0454045 0.344074  0.610522
350 0.118586 0.436387  0.445027
956 0.201688 0.59621  0.202102
960 0.145927 0.469707  0.384365
223 0.0675256 0.423927  0.508547
2901 0.43359 0.0754263  0.490984
1521 0.379798 0.357555  0.262647
160 0.108624 0.48212  0.409255
2227 0.674978 0.211006  0.114016
1202 0.447643 0.343044  0.209314
1005 0.461134 0.439196  0.0996704
1767 0.18804 0.539829  0.272131
1380 0.443216 0.32249  0.234294
3407 0.341585 0.532148  0.126267
2179 0.377683 0.164351  0.457966
2555 0.372789 0.25659  0.370621
632 0.455816 0.342932  0.201252
3035 0.576359 0.0106659  0.412976
1119 0.204861 0.281086  0.514054
2266 0.563869 0.016895  0.419236
2022 0.148351 0.3297  0.521949
1921 0.462929 0.277318  0.259753
2399 0.500729 0.0517305  0.44754
52 0.308187 0.523245  0.168569
630 0.1219 0.367442  0.510659
1062 0.230873 0.58447  0.184657
385 0.377139 0.239688  0.383173
3159 0.155028 0.535088  0.309884
367 0.465443 0.0637036  0.470853
2977 0.0924383 0.612273  0.295289
597 0.483165 0.188335  0.3285
2867 0.50888 0.208613  0.282507
2331 0.257708 0.356897  0.385395
3318 0.0380333 0.348376  0.61359
1845 0.479242 0.267196  0.253562
2590 0.353682 0.504189  0.142129
2910 0.538742 0.325586  0.135672
21 0.26941 0.506504  0.224086
2989 0.0681567 0.746842  0.185001
2757 0.502845 0.41136  0.0857948
61 0.246595 0.587791  0.165614
143 0.473551 0.197659  0.32879
542 0.335511 0.49529  0.169199
543 0.398147 0.340626  0.261227
661 0.724489 0.0384588  0.237053
3272 0.621313 0.341305  0.0373825
2992 0.350179 0.259415  0.390407
2653 0.232464 0.459667  0.307869
1402 0.317346 0.476304  0.20635
1765 0.592209 0.064239  0.343552
1203 0.193379 0.392638  0.413983
1254 0.440505 0.267745  0.29175
31 0.34642 0.425409  0.228171
2073 0.294025 0.338479  0.367496
1673 0.401985 0.366855  0.231161
2178 0.502132 0.0262737  0.471594
2776 0.256338 0.290255  0.453407
113 0.110267 0.453047  0.436686
2469 0.260423 0.381527  0.358049
2 0.224187 0.585789  0.190024
3320 0.19871 0.289356  0.511934
1348 0.19389 0.16651  0.639601
3059 0.327493 0.259805  0.412702
1213 0.128735 0.53208  0.339184
630 0.341956 0.322037  0.336008
2436 0.450119 0.413086  0.136795
493 0.212668 0.0397083  0.747623
52 0.337324 0.212969  0.449707
1587 0.38096 0.0102427  0.608798
2950 0.270934 0.378112  0.350954
1048 0.215279 0.473484  0.311238
1764 0.482562 0.189152  0.328287
1558 0.342191 0.191864  0.465944
3436 0.202906 0.656431  0.140663
1898 0.0241267 0.330401  0.645472
237 0.415072 0.0334977  0.551431
2230 0.257243 0.153273  0.589485
1046 0.348037 0.173202  0.478761
1337 0.172683 0.559527  0.26779
3003 0.147543 0.677138  0.175319
462 0.407608 0.442952  0.149441
550 0.213385 0.354755  0.43186
2023 0.168952 0.554405  0.276642
1497 0.236441 0.210153  0.553406
1590 0.351562 0.504778  0.14366
265 0.422159 0.318499  0.259342
2741 0.418769 0.317687  0.263543
2207 0.120247 0.795705  0.0840484
824 0.128056 0.581341  0.290603
1333 0.3465 0.133176  0.520324
1907 0.421905 0.0955786  0.482517
2032 0.0956681 0.545892  0.35844
2443 0.0351077 0.213086  0.751806
1594 0.362189 0.231366  0.406445
15 0.294272 0.411193  0.294535
2374 0.485065 0.424169  0.0907656
2685 0.065608 0.51686  0.417532
2721 0.451164 0.527923  0.0209138
610 0.307139 0.287273  0.405589
905 0.550803 0.0650985  0.384099
2026 0.561027 0.280691  0.158282
740 0.559546 0.0717073  0.368747
2401 0.447995 0.115661  0.436344
1216 0.340187 0.32201  0.337803
125 0.362751 0.240399  0.39685
1606 0.235994 0.361991  0.402015
1584 0.333189 0.631117  0.0356943
790 0.580196 0.173122  0.246682
3275 0.364251 0.282659  0.353091
518 0.109928 0.249886  0.640186
2581 0.573481 0.278947  0.147572
1221 0.341036 0.409155  0.249808
1036 0.438694 0.498427  0.0628793
2157 0.497052 0.0169076  0.48604
1333 0.0308243 0.486683  0.482493
1122 0.51187 0.0584604  0.42967
80 0.188217 0.429236  0.382547
2989 0.374763 0.165151  0.460086
622 0.332424 0.204921  0.462655
685 0.319588 0.248938  0.431474
2373 0.353704 0.292977  0.353319
900 0.0579571 0.116594  0.825449
3006 0.578389 0.0249403  0.39667
1503 0.288512 0.681475  0.0300128
345 0.883367 0.0706615  0.0459713
2007 0.125497 0.356323  0.51818
3277 0.633996 0.0644876  0.301516
2740 0.641135 0.0996711  0.259194
1517 0.535098 0.28191  0.182993
1034 0.229964 0.636842  0.133193
1904 0.420405 0.289408  0.290187
2374 0.13785 0.229894  0.632256
1182 0.559038 0.0200644  0.420897
1805 0.172547 0.752933  0.0745196
3498 0.403221 0.381986  0.214793
1116 0.341376 0.303875  0.354749
2872 0.572391 0.184444  0.243165
367 0.403914 0.193488  0.402599
1902 0.607332 0.338424  0.0542444
2021 0.31397 0.403134  0.282896
2594 0.319634 0.252399  0.427967
141 0.292311 0.428465  0.279224
2683 0.271285 0.514493  0.214222
2421 0.0700753 0.164315  0.765609
145 0.252247 0.459262  0.288492
1642 0.306803 0.328477  0.364719
1495 0.183606 0.241987  0.574406
954 0.501795 0.23525  0.262955
1034 0.483325 0.0881227  0.428552
