8306 0.568192 0.312995  0.118813
11159 0.16241 0.174158  0.663432
3096 0.447819 0.226716  0.325465
8699 0.361473 0.22421  0.414317
13169 0.101222 0.30516  0.593619
9130 0.450195 0.525214  0.0245907
9202 0.245437 0.435061  0.319502
2843 0.756174 0.0904831  0.153343
5428 0.113534 0.233822  0.652644
7864 0.408675 0.549723  0.0416022
9139 0.173123 0.377455  0.449422
7040 0.119735 0.13782  0.742445
8746 0.35661 0.348956  0.294435
5099 0.284256 0.457373  0.258371
5548 0.273729 0.606704  0.119567
4441 0.193653 0.290311  0.516037
9228 0.625356 0.145914  0.228729
1005 0.355019 0.520981  0.124
4386 0.693068 0.100811  0.206121
10871 0.520617 0.379258  0.100125
13552 0.329207 0.357657  0.313136
10949 0.649889 0.0514741  0.298637
7565 0.588232 0.0393225  0.372446
6743 0.325696 0.233478  0.440826
14496 0.261399 0.426454  0.312147
3660 0.115478 0.375781  0.508742
3322 0.100589 0.0258414  0.87357
3387 0.380814 0.574479  0.0447063
3888 0.12883 0.663837  0.207332
2252 0.447284 0.313987  0.23873
2824 0.180188 0.143067  0.676744
6301 0.484768 0.156818  0.358415
2907 0.646875 0.263465  0.0896593
5207 0.094545 0.19213  0.713325
1617 0.39593 0.167147  0.436923
9280 0.492073 0.332453  0.175474
11871 0.418157 0.169981  0.411862
11122 0.51804 0.348271  0.133688
9775 0.258526 0.401862  0.339613
6630 0.385686 0.347917  0.266397
14343 0.0135254 0.823726  0.162749
6495 0.347517 0.434603  0.21788
10121 0.0721716 0.28608  0.641748
1770 0.184798 0.391802  0.423401
2349 0.355527 0.275906  0.368567
7836 0.252706 0.382074  0.36522
11500 0.29838 0.422816  0.278805
13780 0.407542 0.246307  0.346151
5867 0.442812 0.291474  0.265714
8305 0.221596 0.411702  0.366701
11680 0.444395 0.454612  0.100993
5200 0.115881 0.443315  0.440804
14484 0.707663 0.265962  0.0263749
14310 0.115074 0.366782  0.518145
83 0.438381 0.162894  0.398725
11196 0.633125 0.0881577  0.278717
14582 0.150422 0.5094  0.340177
4589 0.500866 0.266913  0.232221
1595 0.525459 0.132247  0.342294
316 0.396478 0.236952  0.366569
4388 0.277582 0.421164  0.301254
14099 0.22317 0.657428  0.119402
13384 0.250453 0.385359  0.364188
288 0.272994 0.535258  0.191748
3541 0.362256 0.266449  0.371295
10918 0.108227 0.338059  0.553714
13955 0.0857161 0.461328  0.452956
6060 0.530766 0.202482  0.266753
11707 0.321545 0.519707  0.158748
2256 0.56589 0.228639  0.20547
3635 0.580466 0.081086  0.338448
12328 0.412487 0.231354  0.356159
14530 0.108252 0.518876  0.372872
3398 0.424886 0.247805  0.327309
5089 0.254623 0.0406044  0.704773
8368 0.206755 0.393247  0.399998
13800 0.105173 0.614258  0.28057
497 0.537742 0.442074  0.0201843
4136 0.221323 0.425416  0.353261
12173 0.24913 0.353569  0.397301
5360 0.206825 0.638963  0.154212
9970 0.217524 0.518668  0.263808
5127 0.0775657 0.565948  0.356486
7109 0.0605403 0.670767  0.268693
3550 0.358023 0.453778  0.188199
1441 0.452325 0.0125334  0.535141
3355 0.770216 0.171922  0.0578627
1723 0.325418 0.481714  0.192867
5000 0.349494 0.221757  0.428749
13150 0.207051 0.534215  0.258733
10962 0.43715 0.429645  0.133206
14511 0.462341 0.341962  0.195697
12536 0.342726 0.28903  0.368244
8351 0.259793 0.693638  0.0465696
3837 0.303318 0.218554  0.478128
2462 0.243118 0.333991  0.422891
10526 0.0503924 0.719185  0.230422
14556 0.436523 0.407575  0.155903
9640 0.406491 0.205524  0.387984
6434 0.43949 0.172613  0.387897
10144 0.551298 0.377703  0.0709997
11325 0.42407 0.358146  0.217783
477 0.425124 0.552882  0.0219939
11131 0.421174 0.240898  0.337928
3479 0.172374 0.581754  0.245872
5115 0.537856 0.252841  0.209303
14512 0.52272 0.29166  0.18562
4915 0.44891 0.141555  0.409535
12175 0.302269 0.379331  0.3184
7945 0.476988 0.420882  0.102131
13085 0.480898 0.242505  0.276597
12927 0.518124 0.186074  0.295802
10879 0.488731 0.133443  0.377826
3876 0.0285434 0.228636  0.74282
7240 0.168661 0.42145  0.409889
7832 0.325747 0.351841  0.322412
4692 0.471005 0.0829247  0.446071
7873 0.18139 0.363045  0.455565
1743 0.27607 0.501625  0.222305
14549 0.316449 0.349516  0.334035
6304 0.464779 0.216215  0.319006
3891 0.433811 0.459567  0.106622
8641 0.295402 0.346468  0.358129
9530 0.353062 0.344439  0.302498
5956 0.401112 0.189844  0.409044
9172 0.276285 0.117863  0.605852
4108 0.360221 0.51719  0.122589
1447 0.418769 0.180412  0.400819
6304 0.399152 0.507316  0.0935319
4677 0.403827 0.309659  0.286513
13935 0.0667789 0.786465  0.146756
12797 0.0880199 0.797586  0.114394
535 0.0409234 0.151267  0.807809
11666 0.418192 0.382334  0.199474
7962 0.501648 0.489801  0.00855139
12356 0.259267 0.368677  0.372056
3819 0.343519 0.361002  0.295479
6302 0.0470891 0.59462  0.358291
14297 0.226193 0.469539  0.304268
11675 0.429734 0.372213  0.198054
13235 0.493635 0.226599  0.279766
10220 0.443366 0.363986  0.192648
14298 0.184798 0.457081  0.358121
14297 0.466119 0.508444  0.0254371
5940 0.417728 0.306272  0.276
3348 0.0169897 0.794702  0.188308
13039 0.0263936 0.463756  0.509851
1743 0.349945 0.304894  0.345161
8874 0.406955 0.423362  0.169684
5782 0.23106 0.405683  0.363257
12271 0.195798 0.328529  0.475673
9115 0.288897 0.651973  0.05913
7354 0.292516 0.446182  0.261302
12157 0.347496 0.333797  0.318707
7230 0.489206 0.409949  0.100845
695 0.159637 0.274687  0.565676
8039 0.288002 0.329625  0.382373
11826 0.334489 0.397519  0.267992
12859 0.269623 0.468869  0.261508
9275 0.511708 0.107263  0.381029
14403 0.253284 0.0838871  0.662829
14232 0.139131 0.0605541  0.800315
679 0.436972 0.286863  0.276165
8814 0.55444 0.318679  0.126881
13536 0.423018 0.319825  0.257156
1441 0.489715 0.10808  0.402205
10828 0.611586 0.0209077  0.367506
3063 0.304964 0.158933  0.536103
4101 0.255341 0.331005  0.413654
5015 0.386292 0.530305  0.0834039
4810 0.0496733 0.411523  0.538804
7125 0.175124 0.60925  0.215626
2245 0.588923 0.136966  0.274111
3836 0.471218 0.103564  0.425218
1773 0.656756 0.165031  0.178212
3732 0.136056 0.350862  0.513082
13979 0.372683 0.484401  0.142917
12309 0.465624 0.269872  0.264505
216 0.491815 0.232409  0.275776
5415 0.42201 0.237493  0.340498
11615 0.873685 0.0539079  0.0724074
5910 0.335702 0.246472  0.417827
5286 0.343374 0.276418  0.380208
3062 0.149855 0.484334  0.365812
3618 0.385857 0.418063  0.196081
5955 0.0573893 0.206567  0.736044
7109 0.161798 0.684937  0.153265
2109 0.403557 0.281962  0.314482
9888 0.657614 0.103682  0.238704
988 0.356068 0.632127  0.0118058
7099 0.155901 0.24974  0.594359
7109 0.314015 0.602783  0.0832016
4042 0.241329 0.351532  0.407139
11412 0.315149 0.419394  0.265457
7944 0.289055 0.304865  0.40608
12169 0.0492173 0.181208  0.769575
9060 0.218474 0.402313  0.379214
6193 0.284783 0.29592  0.419296
11832 0.358885 0.35189  0.289225
7974 0.250315 0.404344  0.345341
12757 0.269977 0.130472  0.599551
6298 0.448604 0.280938  0.270458
9294 0.282843 0.401041  0.316116
8949 0.360119 0.0950648  0.544816
4631 0.261782 0.344171  0.394047
7319 0.281517 0.368708  0.349775
13172 0.350773 0.358903  0.290323
4428 0.794594 0.100231  0.105175
2077 0.208395 0.760592  0.0310127
236 0.474625 0.061779  0.463596
2986 0.42071 0.124961  0.454328
4135 0.379432 0.458366  0.162201
10652 0.73922 0.0321336  0.228646
5571 0.438947 0.515986  0.045067
5985 0.307441 0.354325  0.338234
4752 0.477369 0.441046  0.0815848
6585 0.325609 0.201343  0.473048
8914 0.0690802 0.596398  0.334522
6144 0.471173 0.299232  0.229594
14296 0.560835 0.125876  0.313288
11399 0.489074 0.0328225  0.478103
1447 0.605366 0.342567  0.0520661
597 0.0525919 0.388514  0.558895
8824 0.546027 0.210623  0.243351
5555 0.402709 0.477548  0.119743
4018 0.121273 0.513581  0.365146
1476 0.373094 0.342593  0.284313
1703 0.478787 0.0240475  0.497166
6858 0.507648 0.34912  0.143232
11526 0.229399 0.194089  0.576512
1447 0.0645948 0.154357  0.781048
9906 0.322386 0.496368  0.181245
11093 0.350891 0.495633  0.153476
14422 0.208743 0.303203  0.488053
11546 0.355357 0.332712  0.311932
13413 0.402042 0.321576  0.276381
9051 0.565527 0.410006  0.0244675
7565 0.452317 0.0773051  0.470378
9506 0.443533 0.490201  0.0662664
8923 0.525689 0.258924  0.215387
13376 0.247735 0.325292  0.426973
8746 0.0586829 0.577834  0.363483
2064 0.557449 0.275923  0.166628
12985 0.521868 0.0517713  0.426361
3338 0.638331 0.128692  0.232977
6619 0.479723 0.367067  0.15321
1953 0.205206 0.635351  0.159444
3388 0.179483 0.143243  0.677274
3870 0.370846 0.283599  0.345555
13230 0.344543 0.308164  0.347293
12530 0.264546 0.288371  0.447083
14310 0.305092 0.300522  0.394386
3201 0.485439 0.282945  0.231616
5138 0.0438225 0.639218  0.31696
7272 0.606161 0.339221  0.0546186
3318 0.405499 0.424975  0.169527
7217 0.140172 0.372837  0.486991
1537 0.298544 0.452945  0.248511
3682 0.518887 0.195312  0.2858
12171 0.0950481 0.460593  0.444359
11602 0.333355 0.41379  0.252854
6575 0.079823 0.347203  0.572973
11969 0.437385 0.352316  0.210299
7731 0.171523 0.257683  0.570793
8237 0.307272 0.3851  0.307629
5525 0.289781 0.279518  0.430701
10220 0.332518 0.268395  0.399087
4475 0.348532 0.322874  0.328594
7695 0.0798331 0.764383  0.155784
5127 0.435038 0.0190845  0.545877
3856 0.1862 0.0455337  0.768266
9555 0.107992 0.421799  0.470209
281 0.0113207 0.53403  0.45465
7633 0.173672 0.328663  0.497665
13509 0.262343 0.350158  0.387499
8746 0.184738 0.578947  0.236315
12468 0.231843 0.414861  0.353297
6106 0.465644 0.394794  0.139562
13517 0.261295 0.64502  0.0936855
14444 0.633122 0.289942  0.0769365
4775 0.332316 0.183744  0.48394
1476 0.491695 0.384325  0.123981
11886 0.41521 0.134283  0.450507
5027 0.279319 0.362209  0.358472
8619 0.469694 0.218783  0.311523
8241 0.443775 0.353283  0.202942
12962 0.902619 0.0277357  0.0696455
5721 0.0219751 0.519544  0.458481
7518 0.326648 0.170292  0.503061
3842 0.304816 0.120982  0.574202
2852 0.139724 0.383823  0.476453
3827 0.0595729 0.419869  0.520558
4103 0.347302 0.31343  0.339268
11015 0.364716 0.344932  0.290353
11142 0.83876 0.105013  0.0562263
10869 0.223161 0.337549  0.43929
10644 0.162074 0.263047  0.574878
5279 0.459876 0.365431  0.174693
3069 0.68514 0.10448  0.21038
236 0.227784 0.33344  0.438776
10350 0.288174 0.388743  0.323083
5127 0.431849 0.130262  0.437889
13869 0.215601 0.142081  0.642319
5031 0.373626 0.310027  0.316346
14237 0.27556 0.36938  0.35506
5240 0.312842 0.345732  0.341426
8739 0.39773 0.132771  0.469498
6464 0.419564 0.111003  0.469433
9530 0.0805414 0.56852  0.350938
12365 0.363265 0.0581667  0.578568
2985 0.355365 0.397376  0.247258
13990 0.519037 0.0362563  0.444707
1478 0.160119 0.286955  0.552926
7273 0.532692 0.0990827  0.368225
8039 0.57094 0.158287  0.270773
2062 0.508137 0.41148  0.0803824
5896 0.468522 0.364654  0.166824
12488 0.275777 0.545737  0.178486
11838 0.291663 0.498178  0.210159
3096 0.566188 0.0353672  0.398445
13321 0.272469 0.124021  0.603511
4108 0.443541 0.396348  0.160111
8584 0.565137 0.102617  0.332246
290 0.443123 0.451051  0.105826
3374 0.260511 0.611889  0.1276
10517 0.366503 0.223191  0.410307
2115 0.226352 0.0968459  0.676802
8228 0.418157 0.04534  0.536503
289 0.755995 0.0648145  0.179191
6083 0.444306 0.219202  0.336492
11093 0.370157 0.375901  0.253942
13003 0.33066 0.315097  0.354243
6327 0.150091 0.500687  0.349222
7136 0.541078 0.264679  0.194243
600 0.382896 0.229371  0.387733
2878 0.0252056 0.349733  0.625061
9138 0.385694 0.309873  0.304433
4387 0.584247 0.156408  0.259345
1434 0.207137 0.351329  0.441534
7296 0.0288997 0.416909  0.554191
14259 0.417946 0.355473  0.226581
7305 0.418883 0.199721  0.381395
3022 0.421064 0.186303  0.392633
12519 0.202087 0.33079  0.467124
5127 0.274741 0.314587  0.410672
5035 0.347795 0.272286  0.37992
6301 0.110794 0.397077  0.492129
11257 0.651331 0.131187  0.217482
13946 0.301255 0.271906  0.42684
1425 0.373113 0.028535  0.598352
6308 0.514231 0.0433613  0.442407
13565 0.0885265 0.177931  0.733543
5788 0.462967 0.401996  0.135037
9530 0.409872 0.277858  0.31227
4673 0.639697 0.251252  0.10905
5091 0.297935 0.408774  0.293291
39 0.354016 0.409384  0.2366
12328 0.166809 0.478746  0.354445
6302 0.528007 0.119472  0.352521
7962 0.49769 0.255482  0.246828
10324 0.0164755 0.182406  0.801119
14297 0.315499 0.446251  0.23825
3147 0.339098 0.381522  0.27938
9040 0.601344 0.266839  0.131817
13172 0.42772 0.195884  0.376397
9838 0.0101792 0.496285  0.493536
12072 0.153595 0.177189  0.669217
9383 0.856612 0.108343  0.0350456
1529 0.264515 0.394027  0.341458
9147 0.36115 0.565838  0.0730113
13598 0.0436451 0.657058  0.299297
13900 0.0515813 0.545317  0.403102
3374 0.381948 0.484295  0.133757
10691 0.201361 0.696155  0.102485
11124 0.375925 0.29515  0.328925
2995 0.278122 0.370299  0.351579
779 0.304082 0.242253  0.453665
12171 0.18264 0.353391  0.463969
8366 0.393411 0.35886  0.247729
1132 0.0786813 0.387988  0.53333
14152 0.0161602 0.412476  0.571364
2333 0.28809 0.680538  0.0313716
4819 0.323763 0.136857  0.539379
6892 0.319208 0.386481  0.294312
13777 0.382748 0.481196  0.136056
283 0.0914199 0.753618  0.154962
4136 0.634978 0.128397  0.236625
3824 0.388511 0.313526  0.297963
349 0.101502 0.370992  0.527506
3726 0.462679 0.0435124  0.493809
416 0.25404 0.294067  0.451893
7874 0.275008 0.340794  0.384198
12995 0.512425 0.200182  0.287393
10529 0.3206 0.275179  0.404221
9499 0.0475224 0.467387  0.48509
1447 0.283118 0.241688  0.475194
6306 0.20543 0.324602  0.469968
12316 0.271048 0.537828  0.191124
1633 0.323706 0.49084  0.185453
5127 0.18395 0.355751  0.460299
7660 0.352791 0.236498  0.410711
13544 0.523544 0.232903  0.243553
939 0.380396 0.127118  0.492486
6233 0.23723 0.408094  0.354676
9737 0.612927 0.332948  0.0541254
5221 0.273742 0.647257  0.0790008
422 0.353683 0.402001  0.244315
7203 0.105175 0.841401  0.053424
1615 0.430368 0.412737  0.156895
9040 0.400451 0.426613  0.172936
9879 0.508237 0.448088  0.0436752
12040 0.809371 0.0255928  0.165036
7416 0.315667 0.295655  0.388678
4131 0.0863024 0.623893  0.289804
13925 0.131733 0.284906  0.583361
9500 0.334905 0.419011  0.246084
4385 0.292319 0.202953  0.504728
7250 0.181206 0.0617197  0.757075
2062 0.412336 0.297338  0.290327
13185 0.59823 0.0327026  0.369067
5538 0.47022 0.241922  0.287858
12175 0.543471 0.437542  0.0189863
1675 0.307418 0.659579  0.0330033
1445 0.136341 0.490652  0.373007
9801 0.461049 0.258586  0.280365
11859 0.073808 0.382962  0.54323
1737 0.23501 0.41918  0.34581
9772 0.0491498 0.275104  0.675747
11411 0.0452577 0.677472  0.27727
6454 0.480824 0.318104  0.201072
4677 0.641402 0.0823066  0.276291
6896 0.369922 0.467809  0.162269
12536 0.390079 0.202819  0.407102
5783 0.578915 0.0921388  0.328946
8874 0.324709 0.142555  0.532736
6403 0.0756422 0.609439  0.314919
3209 0.577261 0.18228  0.240459
6438 0.127713 0.415179  0.457109
6116 0.463953 0.28684  0.249207
9868 0.201425 0.465868  0.332707
2063 0.171743 0.415947  0.41231
445 0.501917 0.403604  0.0944791
12173 0.336642 0.293849  0.369509
11400 0.533773 0.322439  0.143788
11869 0.172896 0.420233  0.406871
3270 0.413897 0.479147  0.106956
10510 0.322316 0.440709  0.236974
3601 0.292294 0.322151  0.385555
14052 0.400693 0.360622  0.238685
14296 0.783516 0.0709517  0.145533
2047 0.369807 0.232497  0.397696
12995 0.476968 0.25059  0.272442
10585 0.223031 0.47676  0.300209
10546 0.252946 0.288134  0.45892
5284 0.521605 0.17636  0.302034
9366 0.367952 0.599942  0.0321064
10662 0.180516 0.487288  0.332195
4200 0.351901 0.32831  0.31979
6311 0.404581 0.161852  0.433568
5986 0.469883 0.499439  0.0306778
6060 0.339895 0.398567  0.261539
10964 0.302535 0.189405  0.508061
307 0.600868 0.126453  0.272679
14201 0.447166 0.213161  0.339673
7106 0.318886 0.301443  0.37967
1983 0.219011 0.66759  0.113399
9000 0.474352 0.0325658  0.493082
7963 0.0860557 0.120126  0.793818
2278 0.187253 0.411631  0.401116
4303 0.270789 0.366196  0.363016
2857 0.404488 0.57699  0.0185216
1447 0.337314 0.329071  0.333615
4390 0.19989 0.621624  0.178485
5565 0.334743 0.3941  0.271158
4096 0.240054 0.312287  0.447658
1478 0.609778 0.240297  0.149925
11589 0.441789 0.199533  0.358678
8746 0.0863103 0.508631  0.405059
8386 0.224139 0.323389  0.452472
7962 0.0860002 0.725472  0.188528
12526 0.165262 0.319484  0.515254
3936 0.403271 0.292209  0.30452
12929 0.0684087 0.358681  0.57291
6845 0.228036 0.405921  0.366044
13541 0.0424042 0.130447  0.827149
5212 0.358416 0.221628  0.419956
12538 0.424598 0.447553  0.127849
13450 0.376137 0.386384  0.23748
1236 0.50498 0.279018  0.216002
4111 0.523878 0.180861  0.295261
111 0.397143 0.273027  0.32983
6301 0.246097 0.448733  0.30517
12132 0.430742 0.369938  0.199321
11859 0.232284 0.379445  0.388271
12794 0.57212 0.35389  0.0739902
11048 0.248282 0.613589  0.138129
5014 0.541275 0.115811  0.342914
5127 0.463747 0.41296  0.123293
13163 0.43912 0.363374  0.197506
8309 0.00918187 0.68234  0.308479
314 0.387506 0.388774  0.223721
9758 0.304639 0.56795  0.127411
4351 0.396342 0.256959  0.346699
1001 0.157897 0.328504  0.513599
393 0.495868 0.261084  0.243048
2760 0.476833 0.229566  0.293602
3162 0.472404 0.287741  0.239855
9737 0.294753 0.128474  0.576773
1568 0.492952 0.18285  0.324199
3088 0.0358272 0.399008  0.565164
14541 0.12974 0.621515  0.248745
8506 0.465034 0.319621  0.215345
2063 0.468561 0.5224  0.00903834
7864 0.340057 0.148422  0.511521
997 0.360192 0.432669  0.207139
14299 0.28783 0.451726  0.260444
1425 0.453565 0.406366  0.140069
674 0.280374 0.437109  0.282517
10574 0.313191 0.384262  0.302547
1924 0.219365 0.376571  0.404064
287 0.549016 0.00799336  0.44299
3860 0.417344 0.327874  0.254782
7033 0.495314 0.251542  0.253144
1869 0.131013 0.418465  0.450522
12031 0.632045 0.12665  0.241305
1622 0.498814 0.128217  0.372968
3475 0.420853 0.293194  0.285953
1601 0.469076 0.45614  0.0747837
4386 0.113449 0.365536  0.521016
11202 0.151212 0.799895  0.0488921
11942 0.00666143 0.603125  0.390214
14299 0.138829 0.496151  0.36502
4765 0.508208 0.446994  0.0447982
4359 0.245651 0.456131  0.298218
3785 0.270531 0.397588  0.331881
1268 0.238451 0.388785  0.372764
12863 0.367043 0.0942052  0.538752
5816 0.317322 0.322065  0.360613
7170 0.503487 0.0447947  0.451718
3453 0.103117 0.4318  0.465083
12981 0.0501603 0.593563  0.356277
3453 0.0659508 0.698463  0.235586
8844 0.614621 0.368544  0.0168354
3892 0.475972 0.256485  0.267542
182 0.216465 0.560898  0.222637
9016 0.0813624 0.523684  0.394953
5216 0.589733 0.37355  0.0367175
12873 0.197142 0.595185  0.207673
991 0.11754 0.412103  0.470357
14526 0.377701 0.078839  0.54346
13829 0.226974 0.607914  0.165112
4588 0.114509 0.467287  0.418204
11871 0.313291 0.0912683  0.595441
5056 0.176015 0.0324993  0.791486
10618 0.0305321 0.442218  0.52725
6302 0.256062 0.455843  0.288095
9076 0.139406 0.398177  0.462417
10578 0.28081 0.354143  0.365047
1706 0.537957 0.210889  0.251155
14401 0.370091 0.381451  0.248458
3954 0.326285 0.619597  0.0541179
10854 0.0959322 0.545261  0.358807
14154 0.272345 0.432744  0.294911
2853 0.38846 0.480411  0.131128
4105 0.350747 0.294584  0.354669
14437 0.358611 0.29795  0.34344
12048 0.381596 0.14981  0.468594
14466 0.281637 0.544626  0.173737
2358 0.368151 0.21017  0.421679
13390 0.265615 0.214568  0.519817
9045 0.194206 0.439534  0.36626
11529 0.311375 0.191982  0.496643
5223 0.0642481 0.555264  0.380488
8713 0.451477 0.235531  0.312992
13561 0.360615 0.430399  0.208987
11680 0.456204 0.402641  0.141155
6616 0.0663365 0.620831  0.312833
661 0.482369 0.112076  0.405555
1476 0.44406 0.330929  0.225012
3249 0.437783 0.0471121  0.515105
6164 0.343269 0.586898  0.0698336
10783 0.077218 0.452522  0.47026
4093 0.245524 0.335586  0.41889
7851 0.322331 0.324582  0.353087
5045 0.209656 0.522792  0.267552
9272 0.553496 0.296178  0.150326
4673 0.502 0.119413  0.378586
3447 0.408611 0.110918  0.480471
7505 0.672901 0.0893665  0.237733
6126 0.389736 0.554975  0.055289
13039 0.349027 0.430504  0.220469
3115 0.294881 0.50557  0.199549
11704 0.21244 0.504517  0.283043
9978 0.127257 0.502545  0.370198
1590 0.436618 0.336228  0.227154
10688 0.373332 0.0255757  0.601092
9906 0.36248 0.431571  0.205948
239 0.340494 0.324619  0.334886
11871 0.372119 0.241957  0.385923
6302 0.27056 0.0321251  0.697315
13770 0.534983 0.237837  0.227179
8314 0.126254 0.422393  0.451354
2524 0.328332 0.378664  0.293004
11733 0.373225 0.408017  0.218758
12175 0.380075 0.173885  0.44604
2663 0.199506 0.428925  0.371569
4805 0.217374 0.393749  0.388877
13008 0.250991 0.28115  0.467859
1589 0.45361 0.338256  0.208133
9757 0.264152 0.506993  0.228855
995 0.128868 0.365721  0.505411
12974 0.386654 0.488994  0.124352
2105 0.595423 0.369092  0.0354851
3654 0.206908 0.432015  0.361077
12174 0.0446584 0.369685  0.585657
4116 0.367738 0.540321  0.0919402
2674 0.129049 0.0495553  0.821396
5555 0.503429 0.16291  0.33366
10766 0.159813 0.562398  0.27779
6129 0.324444 0.37753  0.298027
11100 0.164711 0.187863  0.647426
4239 0.188437 0.433174  0.378389
597 0.582516 0.225909  0.191575
10604 0.262448 0.385056  0.352495
13169 0.365853 0.193632  0.440515
4776 0.120918 0.301975  0.577108
12174 0.197353 0.283214  0.519432
8739 0.766601 0.207226  0.0261731
9319 0.599514 0.0592886  0.341197
4677 0.0508095 0.742744  0.206446
12935 0.250238 0.337604  0.412158
104 0.387854 0.301065  0.311082
9128 0.382241 0.337746  0.280013
9556 0.297586 0.571907  0.130507
13575 0.262324 0.253757  0.483919
7518 0.656768 0.242123  0.101109
4390 0.194456 0.267855  0.53769
2102 0.473649 0.155786  0.370565
9625 0.0904044 0.191408  0.718188
1901 0.492967 0.299548  0.207484
12175 0.574233 0.309447  0.11632
9283 0.376487 0.290919  0.332593
5102 0.148105 0.572606  0.279289
12577 0.413155 0.0433729  0.543472
5808 0.523704 0.10479  0.371506
6418 0.373412 0.162462  0.464126
14298 0.497349 0.216898  0.285753
8560 0.456084 0.490205  0.0537109
1461 0.524208 0.013933  0.461859
5984 0.0304608 0.749113  0.220426
10487 0.563354 0.0401365  0.39651
6310 0.509083 0.160051  0.330866
1009 0.133584 0.486012  0.380404
9887 0.536467 0.183368  0.280165
261 0.291234 0.443178  0.265587
13988 0.184795 0.426683  0.388522
13184 0.426344 0.194169  0.379487
13552 0.0953147 0.345814  0.558871
5047 0.187991 0.334442  0.477567
8457 0.0167659 0.574429  0.408805
5202 0.377615 0.304854  0.317531
11957 0.205437 0.328659  0.465903
4652 0.333487 0.286396  0.380116
8814 0.334591 0.569249  0.0961594
12426 0.106249 0.13534  0.758411
469 0.336681 0.33556  0.32776
6507 0.610648 0.341284  0.048068
5256 0.699025 0.0696347  0.231341
5240 0.418146 0.313014  0.26884
3295 0.409277 0.221684  0.369039
1620 0.0838401 0.406761  0.509399
2349 0.469411 0.166235  0.364354
10933 0.464132 0.412782  0.123086
12748 0.523471 0.22676  0.249769
525 0.347144 0.324194  0.328662
7061 0.0248192 0.862696  0.112485
5536 0.435255 0.147415  0.41733
6071 0.0658403 0.405763  0.528397
1741 0.409939 0.416708  0.173353
6311 0.535172 0.28604  0.178788
14453 0.54065 0.174259  0.285091
4111 0.146203 0.35241  0.501387
4562 0.479244 0.0239574  0.496799
5602 0.0252232 0.244486  0.730291
11827 0.598393 0.0968358  0.304771
9970 0.138546 0.450693  0.410761
13962 0.221502 0.38642  0.392078
1812 0.323417 0.100539  0.576044
1600 0.122105 0.112533  0.765362
8832 0.292298 0.279657  0.428045
5039 0.219884 0.377669  0.402447
6386 0.49363 0.387944  0.118427
14086 0.593605 0.329135  0.0772602
9530 0.28556 0.332885  0.381554
12132 0.578227 0.200368  0.221406
9087 0.591746 0.105435  0.302818
3461 0.398384 0.157561  0.444055
7962 0.0698069 0.172169  0.758024
127 0.35026 0.0607397  0.589
13966 0.399051 0.420888  0.180061
13552 0.47326 0.323439  0.2033
13506 0.441962 0.0895281  0.46851
14070 0.528257 0.0341586  0.437585
14508 0.0903239 0.30954  0.600136
12174 0.0586154 0.699363  0.242022
3885 0.442783 0.414494  0.142723
1441 0.252447 0.390608  0.356945
12451 0.0230464 0.456178  0.520775
447 0.145506 0.66868  0.185814
7348 0.73385 0.0965393  0.16961
5975 0.419599 0.556686  0.0237153
1590 0.103198 0.474834  0.421968
9802 0.871974 0.0296358  0.09839
8759 0.184168 0.666575  0.149257
9487 0.133961 0.41457  0.451468
4956 0.242514 0.400453  0.357033
5534 0.0391362 0.91695  0.0439133
5127 0.225006 0.318356  0.456638
6300 0.840632 0.0284629  0.130905
5975 0.144055 0.380483  0.475463
9956 0.0470934 0.733645  0.219262
8765 0.109493 0.438399  0.452108
10404 0.289423 0.471628  0.23895
4854 0.310444 0.145156  0.544399
2929 0.631391 0.266259  0.10235
8745 0.473745 0.0748131  0.451442
3348 0.0832642 0.575041  0.341695
5127 0.245867 0.176242  0.57789
1981 0.271797 0.591323  0.13688
3089 0.495829 0.12352  0.380652
2629 0.256628 0.146994  0.596378
8722 0.237718 0.357476  0.404806
14443 0.282798 0.166909  0.550293
13230 0.128635 0.438058  0.433306
5149 0.239026 0.270491  0.490483
5109 0.456362 0.015312  0.528326
12175 0.651869 0.0514542  0.296677
14298 0.41337 0.350411  0.236219
14299 0.1372 0.336896  0.525904
12537 0.686843 0.0219041  0.291253
13097 0.230935 0.283862  0.485203
12864 0.390549 0.142777  0.466675
9189 0.18469 0.381525  0.433785
3267 0.0270479 0.504672  0.46828
7274 0.107599 0.439672  0.452729
4941 0.462378 0.0880548  0.449567
7329 0.362032 0.527801  0.110167
8949 0.63118 0.0772774  0.291543
5070 0.107947 0.427556  0.464496
285 0.33295 0.323352  0.343698
5534 0.469592 0.508832  0.0215756
4926 0.351071 0.279601  0.369328
5004 0.358703 0.0531898  0.588107
8245 0.202028 0.4621  0.335872
3949 0.432646 0.482413  0.0849406
12535 0.345654 0.425359  0.228988
3818 0.510247 0.326952  0.162801
2276 0.322666 0.369401  0.307933
5173 0.117832 0.513468  0.3687
3422 0.0606825 0.432096  0.507222
6891 0.0630917 0.18736  0.749548
6311 0.223122 0.444919  0.331959
10964 0.0243241 0.658811  0.316865
6554 0.32175 0.632767  0.0454834
6871 0.318269 0.301215  0.380516
3322 0.290447 0.251397  0.458155
1889 0.136089 0.683133  0.180779
12189 0.246897 0.359564  0.393539
14067 0.436783 0.229931  0.333286
11298 0.716396 0.212824  0.0707794
9530 0.37986 0.379809  0.240331
10883 0.266743 0.255861  0.477396
11731 0.512402 0.407458  0.0801396
7132 0.265604 0.386785  0.34761
12320 0.714311 0.0262174  0.259471
3196 0.307394 0.336563  0.356043
6039 0.473643 0.512225  0.0141322
1447 0.0298114 0.0415637  0.928625
5853 0.151669 0.66615  0.182181
1598 0.311932 0.491095  0.196973
14129 0.842689 0.134098  0.0232124
7522 0.427368 0.378238  0.194394
10846 0.396328 0.10158  0.502092
13892 0.346078 0.232214  0.421707
3318 0.590707 0.249129  0.160164
12927 0.581644 0.191944  0.226412
10212 0.352818 0.31272  0.334462
8305 0.0164673 0.241343  0.74219
8598 0.370361 0.425365  0.204274
14525 0.243848 0.117146  0.639006
12173 0.417142 0.311423  0.271436
14539 0.0941662 0.283749  0.622085
7919 0.207409 0.516049  0.276542
9002 0.197238 0.3565  0.446262
6442 0.824067 0.0339098  0.142023
317 0.42555 0.250435  0.324015
14459 0.377182 0.486096  0.136722
8369 0.292865 0.362356  0.344778
7333 0.339561 0.280718  0.379721
4383 0.121665 0.28318  0.595154
10405 0.397951 0.152549  0.4495
2046 0.0332759 0.489997  0.476727
2181 0.157401 0.455348  0.387251
2327 0.256366 0.432427  0.311207
9927 0.599033 0.172249  0.228718
11430 0.308536 0.0986876  0.592776
4390 0.495377 0.465206  0.0394173
8319 0.27398 0.171134  0.554886
6302 0.398847 0.251938  0.349215
5127 0.435169 0.0724332  0.492398
1447 0.19876 0.418456  0.382784
8145 0.303497 0.4541  0.242403
693 0.440425 0.420249  0.139326
7565 0.577068 0.103461  0.319471
3366 0.715367 0.0695277  0.215106
3205 0.403842 0.388246  0.207912
8781 0.315468 0.381436  0.303096
12328 0.107874 0.309872  0.582254
2404 0.511075 0.278199  0.210726
2604 0.36695 0.271763  0.361287
9283 0.0715966 0.473007  0.455396
2539 0.0737242 0.0534648  0.872811
10397 0.0119888 0.710937  0.277074
3208 0.191037 0.394396  0.414566
9588 0.146543 0.748666  0.104791
13865 0.31204 0.334824  0.353136
13230 0.266494 0.364425  0.36908
1584 0.435574 0.325544  0.238883
7795 0.32301 0.229545  0.447445
9537 0.15893 0.78625  0.0548194
221 0.416331 0.318518  0.265151
1502 0.340696 0.64185  0.017454
7981 0.711118 0.0304798  0.258403
11934 0.31595 0.448043  0.236007
7109 0.346086 0.169713  0.484202
9594 0.575165 0.225257  0.199578
6300 0.274732 0.212955  0.512313
6301 0.512963 0.0161544  0.470883
2634 0.391088 0.488187  0.120725
1822 0.32624 0.398717  0.275043
9712 0.269747 0.240454  0.489799
12171 0.179367 0.389326  0.431308
6659 0.373767 0.338519  0.287713
11866 0.100122 0.594383  0.305495
12173 0.335129 0.488545  0.176325
11844 0.0262064 0.346005  0.627788
4070 0.551722 0.278605  0.169674
3144 0.111977 0.40055  0.487473
10543 0.308287 0.452109  0.239603
652 0.868668 0.0865922  0.0447394
3499 0.303092 0.477858  0.21905
11703 0.0778383 0.529378  0.392784
9268 0.079248 0.663958  0.256794
5038 0.358475 0.261808  0.379718
5534 0.705283 0.13148  0.163237
4040 0.648389 0.130156  0.221455
489 0.133549 0.206459  0.659992
1476 0.0772704 0.456644  0.466086
1159 0.405992 0.383537  0.210471
4581 0.338022 0.104519  0.557459
5919 0.127022 0.44201  0.430968
5142 0.392932 0.358962  0.248106
1586 0.261117 0.333491  0.405392
5557 0.0161085 0.470853  0.513038
13536 0.652277 0.175474  0.172248
12139 0.159021 0.697923  0.143056
6310 0.328506 0.0671941  0.6043
11792 0.280959 0.479607  0.239434
9210 0.34447 0.460911  0.194619
3134 0.0503379 0.631702  0.31796
4386 0.340613 0.442663  0.216724
4108 0.399491 0.270661  0.329847
13552 0.340254 0.455666  0.20408
9154 0.757288 0.152203  0.0905095
6501 0.132279 0.38058  0.487141
239 0.416203 0.139929  0.443867
7955 0.320999 0.250622  0.428379
6108 0.388598 0.383152  0.228251
9217 0.371366 0.296206  0.332428
6301 0.257941 0.440098  0.301961
6513 0.0515958 0.439976  0.508428
9467 0.12704 0.715034  0.157926
7175 0.364407 0.417139  0.218454
3453 0.178701 0.555279  0.26602
5534 0.309664 0.410896  0.27944
2576 0.802029 0.11459  0.083381
5548 0.331928 0.357559  0.310513
12923 0.405706 0.141629  0.452666
9314 0.0706106 0.737023  0.192366
4388 0.41977 0.428437  0.151793
5046 0.758707 0.201704  0.0395884
4396 0.382421 0.207376  0.410203
12995 0.282087 0.592913  0.125
1737 0.272677 0.360194  0.367129
405 0.499784 0.0927581  0.407458
5446 0.352142 0.31263  0.335228
11505 0.313087 0.40063  0.286282
13518 0.286355 0.350134  0.363511
3736 0.150969 0.309484  0.539547
6304 0.387754 0.304723  0.307523
3719 0.434926 0.397753  0.167321
11244 0.317482 0.393312  0.289206
14584 0.226712 0.536397  0.236891
4750 0.0164226 0.478615  0.504963
9507 0.326737 0.291293  0.38197
9717 0.304312 0.406307  0.289381
8911 0.0826413 0.560922  0.356437
2108 0.399695 0.187022  0.413282
6493 0.216573 0.0105186  0.772908
3690 0.132597 0.32557  0.541832
4058 0.384376 0.182635  0.432989
2332 0.203604 0.202411  0.593985
5538 0.036107 0.454159  0.509734
7377 0.348224 0.266198  0.385578
8358 0.42622 0.450574  0.123206
4792 0.0892481 0.280883  0.629869
527 0.32345 0.515628  0.160922
7398 0.503108 0.28981  0.207082
1269 0.212329 0.191413  0.596258
4090 0.480339 0.144365  0.375296
11587 0.426871 0.183801  0.389328
10255 0.37605 0.247222  0.376728
2539 0.551652 0.0602725  0.388076
298 0.192384 0.448146  0.359469
545 0.315302 0.290631  0.394067
2262 0.536898 0.287744  0.175358
9549 0.636574 0.0282342  0.335192
9016 0.600297 0.240687  0.159016
6311 0.186183 0.364979  0.448838
12169 0.193962 0.14034  0.665698
5713 0.471742 0.318323  0.209935
3248 0.482982 0.438116  0.0789018
7489 0.379428 0.225747  0.394826
3118 0.292334 0.134619  0.573047
13518 0.448566 0.378713  0.17272
10998 0.416944 0.433161  0.149895
8319 0.338283 0.364794  0.296923
12861 0.472703 0.23024  0.297057
13489 0.148783 0.580845  0.270372
14512 0.770585 0.0959765  0.133438
6663 0.46777 0.123797  0.408433
13965 0.395208 0.227882  0.376909
1200 0.36106 0.228669  0.410271
8034 0.333323 0.332149  0.334528
2394 0.22551 0.366027  0.408462
11503 0.016324 0.551773  0.431903
9217 0.402852 0.43785  0.159298
2854 0.222828 0.46072  0.316453
13530 0.711871 0.0738387  0.21429
11982 0.48598 0.206073  0.307946
6397 0.16153 0.606404  0.232066
6446 0.144385 0.314816  0.540799
611 0.174186 0.248978  0.576836
7704 0.529098 0.130798  0.340104
12909 0.389366 0.222804  0.38783
556 0.301862 0.196172  0.501967
8325 0.191972 0.429346  0.378682
11693 0.552199 0.213535  0.234266
1838 0.205755 0.112377  0.681868
4107 0.370028 0.343624  0.286348
7970 0.220554 0.343366  0.43608
6311 0.0974545 0.341184  0.561362
7467 0.418101 0.321985  0.259914
7269 0.17631 0.416004  0.407686
11833 0.0259173 0.509776  0.464307
4113 0.615575 0.309315  0.0751101
9499 0.475942 0.316354  0.207704
6173 0.585928 0.185928  0.228144
8625 0.511055 0.0581331  0.430812
6461 0.137246 0.770479  0.0922757
10699 0.65099 0.281262  0.0677478
10001 0.299041 0.393993  0.306966
14260 0.264979 0.347377  0.387644
7238 0.480027 0.438214  0.0817587
10668 0.332911 0.457068  0.210021
1746 0.418449 0.433644  0.147907
9118 0.30766 0.315562  0.376778
11535 0.524713 0.0830217  0.392265
5103 0.0755349 0.57589  0.348575
6300 0.355438 0.418497  0.226064
3188 0.427263 0.2596  0.313137
2534 0.255451 0.151012  0.593537
14477 0.549483 0.266603  0.183914
9047 0.341003 0.338261  0.320736
1441 0.127734 0.355717  0.516549
9254 0.44997 0.0366403  0.513389
6166 0.250622 0.113422  0.635956
11832 0.662673 0.109143  0.228184
6553 0.196625 0.427823  0.375552
9530 0.0307786 0.538331  0.43089
11481 0.337356 0.269964  0.39268
6441 0.396104 0.428565  0.175332
8295 0.177812 0.142347  0.679841
4428 0.670123 0.2257  0.104177
1483 0.535229 0.243305  0.221466
517 0.276688 0.503359  0.219953
1425 0.217092 0.682412  0.100496
9871 0.0126217 0.665751  0.321627
9507 0.134983 0.433322  0.431695
693 0.298247 0.34434  0.357413
6308 0.601765 0.209281  0.188953
4390 0.481164 0.494474  0.0243621
5046 0.298376 0.0294405  0.672184
11456 0.201597 0.466809  0.331594
7582 0.305547 0.257307  0.437146
5579 0.630506 0.282767  0.0867269
4775 0.560556 0.0468658  0.392579
12962 0.240413 0.345883  0.413704
5826 0.625526 0.237121  0.137353
9115 0.416992 0.104864  0.478145
9888 0.146592 0.418352  0.435055
8746 0.205196 0.231405  0.563399
11918 0.444017 0.317066  0.238917
12910 0.472881 0.222458  0.304661
5114 0.494937 0.310836  0.194226
2871 0.48658 0.224324  0.289096
3908 0.530193 0.196027  0.27378
5891 0.0771243 0.462687  0.460189
4096 0.734066 0.0593316  0.206602
12174 0.438066 0.0543799  0.507554
13896 0.26766 0.391202  0.341138
1447 0.212244 0.348774  0.438982
11665 0.231459 0.365015  0.403526
6531 0.348563 0.516587  0.134849
11048 0.378354 0.363452  0.258194
9286 0.30185 0.394054  0.304096
2870 0.146468 0.360446  0.493086
13536 0.474762 0.168301  0.356937
1441 0.493303 0.0808928  0.425804
4090 0.29238 0.0422469  0.665373
14424 0.0610765 0.448434  0.490489
4113 0.154857 0.295386  0.549757
9506 0.222875 0.318059  0.459067
863 0.498102 0.482548  0.0193502
14456 0.534554 0.121859  0.343588
9507 0.490655 0.227651  0.281694
12706 0.443234 0.300464  0.256302
12171 0.399037 0.0432131  0.55775
5540 0.351791 0.319904  0.328304
10256 0.3794 0.338958  0.281642
12163 0.313342 0.506326  0.180332
5046 0.183923 0.384091  0.431986
7517 0.433306 0.476936  0.0897585
3685 0.388037 0.398776  0.213186
1476 0.342935 0.339271  0.317794
7144 0.360363 0.312224  0.327414
2830 0.378976 0.40206  0.218964
4846 0.301322 0.341148  0.35753
7657 0.32472 0.27553  0.39975
5555 0.361398 0.123296  0.515306
94 0.336536 0.49428  0.169184
2913 0.269724 0.146005  0.584271
613 0.74579 0.0732601  0.18095
4589 0.359849 0.281282  0.358869
1235 0.4877 0.127136  0.385164
922 0.225351 0.441343  0.333306
12328 0.112344 0.541604  0.346051
11831 0.366952 0.398386  0.234662
4137 0.134209 0.533393  0.332397
382 0.442025 0.235078  0.322898
12228 0.642591 0.0675033  0.289906
6301 0.510495 0.342172  0.147332
2063 0.239843 0.428581  0.331576
386 0.304272 0.336385  0.359343
1441 0.0713347 0.589697  0.338968
9032 0.295246 0.282151  0.422603
6326 0.306177 0.0198163  0.674006
11948 0.177723 0.400232  0.422045
5617 0.46357 0.145357  0.391073
1441 0.277037 0.338304  0.384659
6300 0.0258892 0.424595  0.549516
7396 0.198948 0.616986  0.184066
7565 0.841406 0.0991119  0.0594823
3131 0.308928 0.401268  0.289804
10355 0.248281 0.434433  0.317286
5523 0.49014 0.323641  0.18622
10925 0.591122 0.347561  0.0613177
4828 0.554591 0.305576  0.139832
13493 0.0769084 0.462269  0.460823
1892 0.295664 0.316426  0.38791
4111 0.417519 0.316032  0.266449
5109 0.150536 0.721393  0.128071
4570 0.088195 0.730441  0.181364
8997 0.161905 0.44278  0.395315
8886 0.279454 0.4885  0.232046
11679 0.485647 0.102622  0.411731
307 0.64069 0.180663  0.178647
11083 0.205034 0.349572  0.445393
13907 0.50199 0.00700893  0.491001
6655 0.293461 0.218755  0.487783
1465 0.0109666 0.419123  0.569911
4882 0.226181 0.0777652  0.696054
7226 0.0393699 0.621141  0.339489
5240 0.144875 0.456153  0.398972
10572 0.435408 0.0857111  0.478881
12928 0.12903 0.47915  0.391821
13933 0.379458 0.267005  0.353537
3573 0.151276 0.310484  0.53824
13296 0.238435 0.521651  0.239915
772 0.236344 0.36768  0.395977
3374 0.62083 0.063747  0.315423
12366 0.429879 0.161526  0.408595
13011 0.364915 0.096971  0.538114
11673 0.465856 0.078849  0.455295
6462 0.741285 0.209212  0.0495026
13713 0.279074 0.346254  0.374672
6442 0.382822 0.28557  0.331607
10616 0.196003 0.502409  0.301588
5353 0.406938 0.271257  0.321805
6439 0.373943 0.419711  0.206347
7850 0.254508 0.37727  0.368222
12993 0.485031 0.281728  0.23324
13530 0.325958 0.332334  0.341708
9668 0.233819 0.368524  0.397657
8351 0.380667 0.0408595  0.578474
12201 0.519265 0.453065  0.0276695
12924 0.777294 0.147439  0.0752671
5649 0.281193 0.234002  0.484804
4164 0.832057 0.131903  0.0360399
600 0.355878 0.211567  0.432556
3228 0.269541 0.319408  0.411051
1552 0.717403 0.236916  0.0456816
4195 0.197984 0.534428  0.267588
472 0.403032 0.354003  0.242965
3900 0.395331 0.0443707  0.560299
3817 0.245168 0.388371  0.366461
3687 0.323635 0.370286  0.306079
2333 0.179375 0.242084  0.578542
6300 0.320251 0.320314  0.359435
13752 0.0841073 0.484852  0.431041
9980 0.465675 0.0695077  0.464817
13092 0.74781 0.0405475  0.211643
11510 0.293309 0.497808  0.208883
5240 0.314355 0.365418  0.320227
11709 0.541065 0.249999  0.208936
6497 0.139308 0.791416  0.0692763
6492 0.400502 0.167441  0.432058
1465 0.165815 0.419451  0.414734
8354 0.53686 0.35445  0.10869
12535 0.16741 0.129252  0.703338
7518 0.3548 0.374232  0.270969
4256 0.247739 0.0507833  0.701478
6029 0.416818 0.422249  0.160933
5446 0.37058 0.503922  0.125499
12704 0.663301 0.316563  0.0201355
7563 0.173798 0.465398  0.360804
11598 0.401511 0.327241  0.271249
12986 0.341636 0.198073  0.460291
5879 0.573284 0.220069  0.206647
12863 0.202763 0.239926  0.557311
6626 0.377784 0.439157  0.183059
12863 0.272018 0.617145  0.110837
9501 0.746571 0.0688401  0.184589
13557 0.0411118 0.203847  0.755042
4183 0.249236 0.301505  0.449258
423 0.466554 0.317638  0.215808
12966 0.0402158 0.376961  0.582823
9501 0.256936 0.177336  0.565728
482 0.400215 0.3544  0.245385
6006 0.0761898 0.039269  0.884541
8309 0.336828 0.33184  0.331332
10952 0.343274 0.348022  0.308705
1443 0.508665 0.130979  0.360356
10337 0.221766 0.293629  0.484605
9383 0.218001 0.384607  0.397392
12316 0.0138007 0.488195  0.498004
8765 0.372 0.487545  0.140455
9255 0.87061 0.102134  0.0272563
2502 0.137749 0.455302  0.40695
4353 0.249357 0.571006  0.179637
12538 0.530815 0.232084  0.237101
10638 0.443408 0.257178  0.299414
4699 0.322379 0.0796831  0.597938
9013 0.341349 0.473657  0.184994
14299 0.34439 0.164915  0.490696
2855 0.0265269 0.608018  0.365455
2863 0.316821 0.365221  0.317958
5056 0.0771221 0.638392  0.284486
3529 0.480612 0.376508  0.14288
4971 0.438558 0.339066  0.222376
12152 0.125983 0.451189  0.422828
13614 0.101599 0.298976  0.599425
1844 0.811814 0.0584444  0.129741
9530 0.196612 0.679152  0.124236
13518 0.510699 0.274607  0.214693
6311 0.687854 0.29283  0.0193159
630 0.334748 0.25236  0.412892
650 0.348181 0.396089  0.25573
10567 0.690609 0.0494887  0.259902
10878 0.480083 0.424014  0.0959026
13737 0.189554 0.309209  0.501236
8752 0.530286 0.390944  0.0787702
13910 0.342661 0.0625858  0.594753
13189 0.430357 0.376007  0.193637
2260 0.232135 0.406672  0.361192
464 0.313039 0.363508  0.323453
5240 0.18109 0.623959  0.194951
9281 0.0486637 0.468899  0.482437
14490 0.419151 0.193933  0.386916
6509 0.367243 0.11913  0.513626
10640 0.269927 0.317032  0.41304
6653 0.359173 0.355648  0.285179
1441 0.366462 0.574287  0.0592512
9970 0.378758 0.366709  0.254533
3343 0.513774 0.415588  0.0706385
