3414 0.42897 0.0872167  0.483813
3077 0.503378 0.446614  0.0500074
3461 0.318327 0.223192  0.45848
979 0.235831 0.498626  0.265542
4779 0.169278 0.288089  0.542632
2523 0.350723 0.331193  0.318085
4316 0.283086 0.454657  0.262256
1584 0.28252 0.495794  0.221686
128 0.0834601 0.677141  0.239399
6333 0.133041 0.374103  0.492856
2913 0.446491 0.348472  0.205037
5000 0.295773 0.5993  0.104927
3969 0.586682 0.022494  0.390824
2373 0.533116 0.0944821  0.372402
2494 0.373445 0.307058  0.319498
1938 0.392192 0.385732  0.222075
1510 0.196636 0.182395  0.620968
7090 0.387144 0.306859  0.305998
875 0.175467 0.429616  0.394917
3092 0.378383 0.59582  0.0257969
202 0.481294 0.322825  0.195881
1011 0.532175 0.24644  0.221385
4070 0.421761 0.196324  0.381914
6514 0.201814 0.317297  0.480889
584 0.635955 0.161891  0.202153
1673 0.249625 0.498403  0.251972
243 0.488539 0.0748236  0.436637
1496 0.466442 0.257877  0.275681
3543 0.545379 0.112413  0.342208
6584 0.355784 0.246337  0.397879
3360 0.4304 0.303454  0.266146
6522 0.334579 0.351116  0.314304
7155 0.385017 0.34276  0.272223
6265 0.692136 0.177724  0.13014
4854 0.437727 0.26362  0.298654
6531 0.390995 0.132945  0.476059
3454 0.211557 0.506751  0.281692
6082 0.468677 0.348762  0.182561
5865 0.285837 0.569801  0.144362
7221 0.0397765 0.933998  0.0262253
5305 0.0980171 0.572669  0.329314
1020 0.328728 0.365191  0.306081
5685 0.304828 0.429489  0.265683
1720 0.153513 0.37511  0.471377
1787 0.0801989 0.581423  0.338378
2617 0.153889 0.312169  0.533942
878 0.381609 0.0733359  0.545055
1278 0.449084 0.439517  0.1114
4603 0.187683 0.507405  0.304912
3899 0.184308 0.27075  0.544942
4473 0.575903 0.368679  0.0554184
5255 0.214177 0.454002  0.331821
3069 0.491181 0.454044  0.0547746
4010 0.440271 0.0701608  0.489568
6722 0.529465 0.169438  0.301097
3090 0.557709 0.207512  0.234779
6234 0.442155 0.128538  0.429307
4387 0.264199 0.122957  0.612844
4067 0.21447 0.423788  0.361743
1704 0.351253 0.601179  0.0475677
1753 0.112864 0.37778  0.509356
2415 0.38861 0.453635  0.157756
774 0.440019 0.0491121  0.510868
1311 0.0503509 0.672279  0.27737
5582 0.0538196 0.522871  0.423309
3649 0.138783 0.685547  0.17567
6446 0.465342 0.0794833  0.455174
3792 0.319392 0.3095  0.371108
159 0.595549 0.0629306  0.34152
4923 0.29091 0.488874  0.220216
664 0.675426 0.28829  0.0362838
1037 0.191971 0.712349  0.0956794
4108 0.191551 0.514377  0.294072
913 0.558758 0.0575251  0.383717
7235 0.186064 0.309578  0.504358
3126 0.0684514 0.364728  0.56682
1220 0.18489 0.387634  0.427476
5155 0.210139 0.462813  0.327048
1138 0.1443 0.701451  0.154249
6326 0.162298 0.460773  0.376929
5795 0.335054 0.327602  0.337345
780 0.569364 0.233429  0.197207
3865 0.249528 0.421569  0.328903
645 0.331342 0.369758  0.2989
2319 0.277613 0.0588608  0.663526
5854 0.262473 0.289683  0.447844
5337 0.423283 0.42379  0.152928
5988 0.303709 0.484998  0.211293
2757 0.226261 0.632385  0.141354
2552 0.101494 0.419311  0.479195
1552 0.435285 0.380601  0.184114
4970 0.402674 0.203987  0.393338
1529 0.42217 0.0590901  0.51874
3865 0.167108 0.542275  0.290617
4880 0.382847 0.258751  0.358402
7317 0.478607 0.463041  0.0583525
1843 0.57072 0.164373  0.264907
2917 0.0898778 0.322982  0.58714
3549 0.10911 0.372139  0.51875
2791 0.109645 0.435971  0.454384
4022 0.282676 0.591156  0.126169
4783 0.484798 0.0372082  0.477994
3861 0.231698 0.162396  0.605906
420 0.616745 0.325601  0.0576541
5061 0.524461 0.274977  0.200562
2249 0.0858064 0.742927  0.171267
5629 0.262977 0.266851  0.470171
4613 0.482858 0.378141  0.139
4357 0.542948 0.180858  0.276194
104 0.277143 0.208703  0.514154
5850 0.426073 0.437479  0.136447
1554 0.348756 0.201899  0.449345
2382 0.0498231 0.592551  0.357626
3094 0.388717 0.298296  0.312987
5259 0.190001 0.340724  0.469276
5588 0.0540968 0.460007  0.485897
6071 0.25081 0.142164  0.607027
2626 0.366421 0.339192  0.294388
2884 0.398896 0.223633  0.377471
3289 0.117601 0.139403  0.742996
3579 0.417114 0.351768  0.231119
4606 0.332902 0.454481  0.212617
6562 0.48317 0.219589  0.297241
7256 0.381739 0.231945  0.386316
2247 0.326677 0.183752  0.489571
425 0.421818 0.109786  0.468395
4856 0.346709 0.264585  0.388706
3811 0.14962 0.304834  0.545546
4946 0.533316 0.108674  0.358009
4156 0.467743 0.361631  0.170626
4150 0.310177 0.319456  0.370367
3588 0.459729 0.278347  0.261924
77 0.412574 0.147963  0.439463
6762 0.23935 0.434951  0.3257
16 0.470123 0.448425  0.0814524
2276 0.544667 0.114361  0.340973
1241 0.756707 0.170873  0.0724196
1356 0.174537 0.719198  0.106264
6517 0.0704735 0.724895  0.204632
1270 0.25946 0.463637  0.276903
299 0.767415 0.129382  0.103203
5640 0.301472 0.158543  0.539985
6423 0.148279 0.542527  0.309195
6996 0.583497 0.333804  0.0826985
4037 0.0387014 0.559012  0.402286
2486 0.551196 0.0576872  0.391117
1829 0.41962 0.377026  0.203354
2600 0.485962 0.412871  0.101167
5239 0.513885 0.239235  0.24688
809 0.0483063 0.119579  0.832115
2920 0.0580028 0.489119  0.452878
2750 0.216895 0.275507  0.507598
5723 0.309667 0.281769  0.408564
5834 0.100669 0.222691  0.67664
6501 0.339677 0.263812  0.396511
1062 0.12446 0.733335  0.142205
3671 0.493464 0.375003  0.131533
3545 0.369395 0.415142  0.215463
2771 0.0927242 0.863145  0.0441311
3532 0.0113896 0.461105  0.527506
7141 0.43468 0.270922  0.294398
1721 0.49416 0.131548  0.374292
5695 0.352515 0.260292  0.387193
5378 0.543978 0.0353874  0.420635
6143 0.571426 0.0672677  0.361306
1842 0.398899 0.260294  0.340807
6352 0.513006 0.0177565  0.469237
6221 0.308294 0.346462  0.345243
4006 0.396819 0.176912  0.426269
3573 0.0830604 0.697339  0.219601
5888 0.168711 0.543092  0.288197
3760 0.0207558 0.164874  0.81437
6407 0.166713 0.300866  0.532421
5247 0.448265 0.448586  0.103149
2707 0.192567 0.227221  0.580212
1121 0.335766 0.127232  0.537001
2957 0.379685 0.310196  0.310118
126 0.46283 0.365572  0.171598
464 0.38846 0.312326  0.299214
6309 0.269671 0.353056  0.377273
625 0.263242 0.210372  0.526386
5228 0.43483 0.498836  0.066334
1278 0.288065 0.256481  0.455454
5498 0.0266645 0.386426  0.586909
2605 0.292441 0.522906  0.184653
4423 0.0643061 0.521704  0.41399
4126 0.440994 0.155203  0.403803
6871 0.0490838 0.562385  0.388531
4348 0.400521 0.219467  0.380011
5301 0.656847 0.116527  0.226626
4884 0.374442 0.352689  0.272869
3678 0.123147 0.243405  0.633448
3460 0.369293 0.20235  0.428357
840 0.468855 0.157227  0.373919
977 0.432792 0.453746  0.113461
1483 0.315074 0.411747  0.273179
5688 0.118552 0.407637  0.473811
2143 0.319134 0.396691  0.284175
5826 0.146768 0.412007  0.441225
2779 0.158368 0.472092  0.36954
6007 0.360486 0.419668  0.219846
3985 0.0429578 0.608942  0.3481
3746 0.0503643 0.379474  0.570162
4808 0.224816 0.375747  0.399437
1979 0.358306 0.325082  0.316612
249 0.48843 0.360733  0.150837
1668 0.470378 0.354561  0.17506
2226 0.518607 0.0849467  0.396446
734 0.327143 0.32563  0.347227
2041 0.563897 0.413663  0.0224402
5934 0.0316447 0.21334  0.755016
1528 0.15292 0.326376  0.520704
1319 0.334087 0.455255  0.210658
6903 0.292099 0.261376  0.446525
5786 0.172773 0.257495  0.569732
904 0.513172 0.28883  0.197998
3582 0.177516 0.61916  0.203325
3549 0.639088 0.0385293  0.322382
1440 0.366731 0.201614  0.431655
2809 0.145619 0.224505  0.629876
7313 0.353153 0.295372  0.351475
2443 0.154936 0.611814  0.23325
6022 0.337898 0.216474  0.445627
2705 0.142401 0.802703  0.0548959
5183 0.302242 0.562844  0.134914
4728 0.154435 0.308748  0.536817
4551 0.644571 0.0364303  0.318999
2610 0.357472 0.55897  0.0835576
4382 0.0919636 0.439723  0.468314
6492 0.113467 0.365368  0.521165
3841 0.650542 0.33598  0.0134776
3682 0.337381 0.337197  0.325423
1107 0.298063 0.604599  0.0973377
3667 0.252984 0.34278  0.404236
1976 0.281416 0.536109  0.182476
2707 0.266582 0.304538  0.428881
5975 0.406693 0.569061  0.0242454
4621 0.140515 0.442155  0.41733
1586 0.112089 0.525972  0.361939
5622 0.228917 0.328014  0.443069
6800 0.159595 0.628158  0.212247
6075 0.790556 0.181164  0.02828
5095 0.0105981 0.471092  0.51831
2274 0.291942 0.473214  0.234843
1735 0.24414 0.197819  0.558041
5896 0.357299 0.308718  0.333982
6227 0.305073 0.582745  0.112182
3916 0.451539 0.371143  0.177318
4246 0.129538 0.131347  0.739116
6287 0.143548 0.381733  0.474719
5422 0.379063 0.278794  0.342143
5834 0.309303 0.539389  0.151308
3677 0.38418 0.316631  0.299189
4939 0.507918 0.16253  0.329552
2015 0.173699 0.728519  0.0977819
2152 0.284118 0.306823  0.409059
1808 0.345732 0.297146  0.357123
3088 0.403381 0.124434  0.472185
1943 0.639548 0.0700346  0.290417
3176 0.24766 0.324076  0.428264
6563 0.258147 0.408378  0.333476
2754 0.215926 0.304381  0.479693
4467 0.450241 0.017911  0.531848
1169 0.23876 0.193811  0.567428
3929 0.368999 0.330479  0.300522
4622 0.36849 0.0320142  0.599495
3289 0.281329 0.176951  0.54172
3078 0.15063 0.398608  0.450762
3412 0.633965 0.265442  0.100592
3728 0.301012 0.621645  0.0773437
4554 0.250103 0.149338  0.600558
7308 0.579002 0.120837  0.300161
1085 0.590469 0.34904  0.0604914
4483 0.661371 0.0404539  0.298175
1147 0.417804 0.294055  0.288141
3638 0.455264 0.210757  0.333979
1591 0.507107 0.462125  0.0307678
7124 0.573021 0.171017  0.255962
1180 0.320069 0.270979  0.408952
459 0.131018 0.604889  0.264094
5966 0.51619 0.344598  0.139212
3345 0.218678 0.35888  0.422442
4934 0.341917 0.601289  0.0567941
2014 0.0410787 0.942125  0.0167959
702 0.340149 0.261292  0.398559
2862 0.112404 0.292181  0.595415
2708 0.427742 0.310535  0.261723
1689 0.139125 0.649652  0.211224
2734 0.0675763 0.668886  0.263538
1954 0.344884 0.557626  0.0974897
4713 0.152162 0.508083  0.339755
4868 0.452026 0.121915  0.426059
6745 0.413795 0.487729  0.0984752
5621 0.716615 0.143339  0.140046
2219 0.312059 0.33348  0.354461
5529 0.717787 0.176988  0.105225
5763 0.453398 0.0915343  0.455068
4606 0.0558166 0.430499  0.513684
1880 0.462627 0.22601  0.311363
6852 0.568482 0.158366  0.273152
1259 0.265876 0.438095  0.296029
6788 0.653241 0.169406  0.177353
767 0.536243 0.367251  0.0965056
5370 0.235938 0.637376  0.126686
4057 0.624554 0.116465  0.258981
7316 0.475805 0.348987  0.175207
4594 0.370209 0.355617  0.274174
5373 0.357946 0.294021  0.348033
4157 0.336111 0.253347  0.410541
6958 0.507208 0.300119  0.192673
3696 0.334076 0.289514  0.37641
6358 0.175911 0.140089  0.684
177 0.249604 0.26865  0.481746
3541 0.399779 0.343752  0.256469
4835 0.296597 0.315066  0.388337
5788 0.472997 0.0838581  0.443145
4870 0.295898 0.236899  0.467203
3614 0.0757993 0.473794  0.450407
1439 0.367483 0.223099  0.409418
1020 0.553493 0.382646  0.0638609
6869 0.0466778 0.426984  0.526338
4939 0.23714 0.112914  0.649946
6077 0.259999 0.168022  0.571979
4370 0.396022 0.373077  0.230901
2231 0.156013 0.575074  0.268913
1426 0.201195 0.30217  0.496635
1632 0.189932 0.517877  0.292191
4552 0.458838 0.0293178  0.511844
1499 0.240375 0.226105  0.533519
6238 0.532477 0.38924  0.078283
4077 0.384608 0.547849  0.0675435
4883 0.312737 0.398871  0.288392
5377 0.468163 0.251601  0.280236
5683 0.422279 0.446878  0.130844
2612 0.0963156 0.606338  0.297347
3331 0.453478 0.0115152  0.535006
3593 0.338859 0.140679  0.520462
1045 0.575968 0.071053  0.352979
3599 0.284185 0.35643  0.359386
6926 0.405989 0.364425  0.229586
359 0.535568 0.224643  0.239789
3332 0.600937 0.156114  0.24295
4126 0.0178932 0.371233  0.610874
4833 0.0112882 0.97687  0.0118421
2704 0.364032 0.215179  0.420789
148 0.362084 0.28881  0.349106
3180 0.347648 0.511678  0.140675
4768 0.279449 0.377172  0.343379
6728 0.420769 0.281229  0.298001
5643 0.32659 0.402023  0.271387
2552 0.354355 0.398405  0.24724
1593 0.249153 0.183711  0.567136
1231 0.152893 0.231313  0.615794
328 0.782148 0.0274463  0.190405
996 0.42414 0.403605  0.172255
2294 0.445872 0.486764  0.0673643
6072 0.103426 0.426715  0.469859
7292 0.0263481 0.581776  0.391876
1579 0.49436 0.00611912  0.499521
958 0.180037 0.420196  0.399768
2194 0.487637 0.341828  0.170535
4735 0.409906 0.211239  0.378855
4525 0.486513 0.415387  0.0981007
1762 0.0810607 0.459226  0.459714
4754 0.41249 0.30014  0.28737
5994 0.365154 0.280728  0.354117
307 0.375317 0.350657  0.274026
3519 0.442528 0.2757  0.281773
3470 0.396006 0.38604  0.217954
1453 0.535565 0.179284  0.285151
4804 0.200745 0.275887  0.523368
1649 0.360256 0.194135  0.445609
3417 0.126766 0.391926  0.481308
4470 0.162002 0.629452  0.208546
4077 0.611688 0.171099  0.217213
6075 0.220471 0.271471  0.508058
1591 0.490721 0.476503  0.0327757
1741 0.643821 0.0529968  0.303182
3665 0.564944 0.0533251  0.381731
4679 0.444451 0.378902  0.176647
192 0.481512 0.152706  0.365782
411 0.492562 0.130623  0.376815
5004 0.0643464 0.367252  0.568402
2222 0.695597 0.272095  0.0323083
2429 0.0950978 0.0962833  0.808619
6531 0.123196 0.476617  0.400187
5679 0.382241 0.289901  0.327858
5385 0.405841 0.237973  0.356186
2336 0.463038 0.178223  0.358739
1270 0.63462 0.285783  0.0795964
776 0.153054 0.344399  0.502547
7333 0.440487 0.0126579  0.546855
5064 0.347619 0.159677  0.492704
4306 0.0600209 0.372157  0.567823
6789 0.43939 0.294515  0.266095
3225 0.129523 0.539352  0.331125
5423 0.459928 0.343642  0.19643
7110 0.489315 0.175304  0.335381
3379 0.461325 0.460709  0.0779667
2876 0.198708 0.433125  0.368167
247 0.0955217 0.528804  0.375675
5017 0.270973 0.125209  0.603818
3559 0.0997604 0.834641  0.0655987
1282 0.339739 0.295216  0.365046
3675 0.116741 0.461722  0.421537
2333 0.268116 0.36675  0.365134
681 0.362985 0.270114  0.3669
6054 0.409265 0.581445  0.00929079
6390 0.0421369 0.89058  0.0672834
5057 0.164456 0.47489  0.360654
7325 0.462622 0.38507  0.152308
2773 0.433981 0.44466  0.121359
3266 0.0194561 0.542102  0.438441
2967 0.438815 0.252534  0.308651
1344 0.650396 0.109899  0.239705
237 0.597295 0.246349  0.156356
4651 0.346051 0.271923  0.382026
2038 0.275591 0.319012  0.405397
6651 0.0168939 0.164381  0.818725
7259 0.498049 0.312743  0.189207
1779 0.155474 0.496725  0.347801
4006 0.321663 0.296022  0.382315
3252 0.353173 0.335131  0.311695
5173 0.481709 0.214144  0.304146
6253 0.176367 0.765377  0.0582555
5682 0.17857 0.399345  0.422085
6925 0.259103 0.188414  0.552483
3766 0.499987 0.399198  0.100815
613 0.0719105 0.584586  0.343504
4181 0.111305 0.503232  0.385463
2819 0.401403 0.194669  0.403928
1747 0.371264 0.161901  0.466835
3550 0.635065 0.199119  0.165815
5262 0.177753 0.443698  0.378549
3501 0.0609839 0.222737  0.716279
1228 0.369968 0.508971  0.12106
3392 0.467314 0.152153  0.380533
3194 0.216245 0.62277  0.160984
6480 0.40946 0.1967  0.39384
3019 0.104433 0.432197  0.463371
3013 0.595736 0.0835233  0.320741
4625 0.223546 0.301589  0.474865
3116 0.463037 0.217559  0.319404
4079 0.295839 0.417591  0.28657
5346 0.344308 0.232427  0.423264
3772 0.312124 0.253767  0.434109
4281 0.295665 0.43797  0.266365
1373 0.293304 0.413075  0.293621
7223 0.23161 0.248811  0.519579
6758 0.337963 0.348024  0.314013
1221 0.486135 0.487442  0.0264231
3923 0.255731 0.0259141  0.718355
4827 0.295403 0.483722  0.220875
1055 0.272782 0.698834  0.0283833
2764 0.0595415 0.508488  0.431971
4693 0.491504 0.390614  0.117882
6255 0.0349617 0.880488  0.0845507
1266 0.42545 0.443579  0.130971
6530 0.463846 0.475994  0.0601597
3366 0.529606 0.148979  0.321415
4649 0.359583 0.515517  0.124901
5084 0.182489 0.0619835  0.755527
5833 0.253369 0.101536  0.645096
6114 0.0575368 0.538226  0.404237
5179 0.39709 0.222811  0.380099
2048 0.608764 0.303402  0.0878337
952 0.569505 0.305538  0.124957
4563 0.174774 0.107763  0.717463
532 0.299744 0.473451  0.226805
1151 0.419598 0.292909  0.287494
4873 0.0776062 0.489127  0.433267
6505 0.479112 0.406802  0.114086
2599 0.293641 0.410659  0.2957
1733 0.355502 0.312434  0.332064
3124 0.372297 0.10426  0.523443
1996 0.400715 0.203915  0.39537
2472 0.386352 0.50542  0.108228
6766 0.301874 0.266548  0.431578
2489 0.197649 0.274613  0.527738
6872 0.131566 0.318397  0.550038
5041 0.308557 0.134376  0.557067
4583 0.473849 0.170082  0.356069
3767 0.354371 0.0689654  0.576664
4168 0.203336 0.477929  0.318736
6790 0.371584 0.151255  0.477161
2558 0.140917 0.166545  0.692537
2504 0.504668 0.209393  0.285939
3033 0.199631 0.642842  0.157526
1365 0.298226 0.149279  0.552495
5340 0.435902 0.337751  0.226348
4073 0.353729 0.380474  0.265796
1948 0.0884756 0.44774  0.463784
1575 0.680471 0.182889  0.136641
3269 0.0174613 0.352115  0.630424
5467 0.122522 0.508681  0.368797
709 0.534818 0.189636  0.275546
7006 0.068549 0.38798  0.543471
3601 0.371446 0.360743  0.267811
4493 0.425753 0.398076  0.176172
2556 0.243351 0.0128616  0.743787
1705 0.289611 0.409017  0.301372
1496 0.414217 0.397968  0.187815
5909 0.395018 0.233131  0.371851
3746 0.53767 0.124766  0.337563
4057 0.345212 0.0855565  0.569232
6607 0.536495 0.0773291  0.386176
4311 0.3052 0.099513  0.595287
1904 0.0917027 0.873929  0.034368
2008 0.389178 0.204026  0.406795
2469 0.684956 0.180394  0.13465
1770 0.380682 0.39717  0.222148
1458 0.338787 0.372831  0.288382
2596 0.418519 0.253596  0.327885
3419 0.316558 0.453227  0.230215
973 0.355783 0.202982  0.441235
1898 0.520357 0.084694  0.394949
3494 0.346455 0.280742  0.372803
2409 0.350484 0.487652  0.161864
6335 0.38783 0.316691  0.295479
1078 0.00963287 0.45778  0.532587
3497 0.313253 0.216776  0.469971
6508 0.0839348 0.694643  0.221423
141 0.333685 0.472563  0.193752
1747 0.134005 0.115278  0.750717
719 0.254313 0.689388  0.056299
1189 0.345941 0.282379  0.37168
412 0.180863 0.366981  0.452157
1272 0.124669 0.707679  0.167652
4227 0.6649 0.110045  0.225055
6956 0.59141 0.0487655  0.359824
5259 0.302145 0.305425  0.39243
4976 0.162351 0.216018  0.621631
6191 0.451664 0.448037  0.100299
1465 0.223945 0.490047  0.286009
1629 0.369484 0.115072  0.515444
4491 0.0137693 0.438457  0.547774
6898 0.495973 0.0630311  0.440996
4296 0.138464 0.0965164  0.76502
1707 0.0729906 0.539439  0.387571
1467 0.295153 0.172141  0.532706
393 0.0184306 0.455146  0.526423
5968 0.450331 0.219992  0.329676
2415 0.467234 0.456727  0.0760391
5689 0.28455 0.125915  0.589535
3948 0.405223 0.422827  0.17195
798 0.206582 0.398733  0.394685
99 0.435951 0.0757034  0.488346
218 0.0461226 0.383589  0.570288
4362 0.39323 0.153676  0.453095
1495 0.938165 0.0429085  0.0189269
3117 0.516437 0.405321  0.0782422
5341 0.481537 0.182389  0.336074
2827 0.682688 0.0335273  0.283784
4939 0.254239 0.0647709  0.68099
3624 0.0718198 0.635369  0.292811
1818 0.270671 0.440901  0.288428
6341 0.151733 0.362071  0.486196
5453 0.34709 0.186086  0.466824
759 0.445267 0.484813  0.0699209
6563 0.302869 0.258669  0.438462
6140 0.289863 0.355581  0.354557
7139 0.313582 0.408113  0.278304
3573 0.229744 0.634815  0.135441
6865 0.100788 0.445937  0.453275
4319 0.0704103 0.508999  0.420591
6275 0.248685 0.626826  0.124489
418 0.207192 0.312875  0.479933
89 0.36731 0.480242  0.152447
2282 0.458769 0.50161  0.0396211
7325 0.224552 0.339352  0.436096
1178 0.48768 0.311677  0.200643
7142 0.389733 0.253288  0.356979
2550 0.31728 0.531769  0.150951
1658 0.325837 0.426783  0.247381
4128 0.512012 0.281376  0.206612
6002 0.274144 0.543762  0.182094
4818 0.0891892 0.403063  0.507748
440 0.083146 0.428981  0.487873
6855 0.180078 0.407247  0.412676
6043 0.156378 0.317645  0.525977
1845 0.0560052 0.544444  0.39955
2846 0.512258 0.460672  0.0270696
667 0.558852 0.324959  0.11619
1623 0.0859133 0.382711  0.531376
2024 0.403051 0.338338  0.258611
562 0.297439 0.554267  0.148294
689 0.375089 0.584304  0.0406064
251 0.145084 0.487824  0.367092
2064 0.131591 0.362626  0.505783
181 0.403096 0.174635  0.422269
4671 0.369843 0.257973  0.372184
106 0.525933 0.419404  0.0546636
5323 0.217412 0.339692  0.442896
6350 0.269691 0.411854  0.318455
239 0.434611 0.314548  0.250841
4186 0.203568 0.520675  0.275756
4618 0.525625 0.155137  0.319238
2702 0.153841 0.173521  0.672638
3939 0.548385 0.208527  0.243089
1545 0.318869 0.275203  0.405927
461 0.25097 0.643588  0.105442
6841 0.514172 0.213758  0.272069
3199 0.666644 0.229288  0.104068
7290 0.425326 0.342626  0.232048
5951 0.42565 0.426445  0.147905
2459 0.344481 0.162643  0.492876
5086 0.563851 0.158215  0.277934
7017 0.554828 0.17165  0.273523
5127 0.344347 0.34239  0.313263
102 0.39282 0.152992  0.454187
965 0.233731 0.309192  0.457077
3428 0.139476 0.496778  0.363746
5922 0.294988 0.211955  0.493057
6087 0.256084 0.332411  0.411505
2941 0.19602 0.295093  0.508887
6731 0.316704 0.331286  0.35201
497 0.53635 0.325766  0.137885
1861 0.230866 0.380295  0.388839
4060 0.343499 0.156641  0.49986
3416 0.283834 0.307564  0.408602
6426 0.0842767 0.589951  0.325772
6159 0.179255 0.415629  0.405116
4466 0.0238774 0.580256  0.395867
2852 0.0739079 0.437553  0.488539
4950 0.453547 0.215767  0.330686
1911 0.49717 0.444074  0.0587566
2609 0.0601292 0.919532  0.0203387
3669 0.222437 0.382357  0.395206
3682 0.20581 0.569894  0.224295
3941 0.252354 0.426861  0.320785
5372 0.391161 0.364704  0.244135
5163 0.352767 0.611154  0.0360786
235 0.240317 0.387773  0.37191
4168 0.0352057 0.702614  0.262181
1685 0.848917 0.0425735  0.10851
3155 0.403777 0.293301  0.302922
6752 0.536259 0.341463  0.122278
1528 0.390434 0.118792  0.490774
100 0.321961 0.320777  0.357262
4642 0.378818 0.147728  0.473454
121 0.775567 0.142237  0.0821964
665 0.153006 0.563427  0.283567
91 0.652598 0.105789  0.241613
5831 0.411422 0.355683  0.232896
6483 0.670968 0.272832  0.0562008
2749 0.339052 0.493029  0.167919
1198 0.0196652 0.556622  0.423713
6113 0.0529444 0.270806  0.67625
6966 0.775919 0.0263498  0.197731
6769 0.305583 0.332886  0.361531
1036 0.838203 0.0849982  0.0767988
6113 0.12886 0.750089  0.121051
6763 0.461921 0.147955  0.390124
4022 0.012867 0.585026  0.402107
6048 0.391526 0.185516  0.422958
2711 0.460537 0.225557  0.313907
2828 0.189061 0.579058  0.23188
2243 0.14804 0.248446  0.603514
772 0.409728 0.342827  0.247446
2897 0.673836 0.188487  0.137677
5867 0.165306 0.369495  0.465199
1582 0.263491 0.312222  0.424287
2652 0.0152511 0.469793  0.514956
2349 0.0272913 0.452232  0.520477
1948 0.390838 0.283839  0.325323
4978 0.188419 0.134049  0.677532
3855 0.108333 0.374875  0.516792
3774 0.361839 0.316462  0.321699
4673 0.0758236 0.507951  0.416225
3437 0.110952 0.37902  0.510028
678 0.256285 0.373338  0.370377
3112 0.395893 0.494335  0.109772
631 0.410846 0.154673  0.434481
561 0.27661 0.403936  0.319454
1103 0.425579 0.107205  0.467216
1002 0.305129 0.0593614  0.635509
528 0.292987 0.598187  0.108826
6509 0.755363 0.169859  0.0747785
1081 0.481381 0.0401678  0.478451
6399 0.447894 0.534981  0.0171249
1911 0.248683 0.637518  0.113799
4165 0.169318 0.268937  0.561745
1892 0.210542 0.39239  0.397068
1313 0.423312 0.135992  0.440696
720 0.0219453 0.4886  0.489455
909 0.0989127 0.0667089  0.834378
6134 0.212996 0.0362622  0.750742
320 0.0132525 0.718677  0.26807
4165 0.401833 0.455281  0.142886
214 0.53691 0.208531  0.254559
2467 0.347322 0.363447  0.289231
6831 0.294701 0.581441  0.123859
521 0.367483 0.168537  0.46398
3508 0.116929 0.183386  0.699685
3413 0.394876 0.408163  0.19696
2656 0.277316 0.49238  0.230304
5663 0.377111 0.0904153  0.532474
63 0.287345 0.332607  0.380048
6836 0.137024 0.434718  0.428258
6076 0.48869 0.475761  0.0355492
2082 0.441477 0.0356866  0.522836
4126 0.226638 0.208047  0.565315
4336 0.134306 0.430637  0.435057
1774 0.396424 0.150977  0.452598
2312 0.395963 0.42184  0.182197
5634 0.417649 0.50576  0.0765911
5976 0.342716 0.63969  0.0175948
2565 0.6138 0.185488  0.200712
5021 0.548165 0.111536  0.340299
5348 0.130772 0.365257  0.50397
6718 0.472678 0.0548005  0.472521
1136 0.0412865 0.327096  0.631618
1226 0.305103 0.286292  0.408605
5088 0.252269 0.208671  0.53906
3078 0.522416 0.154937  0.322647
3191 0.394235 0.0874612  0.518304
1876 0.213673 0.385984  0.400343
3664 0.387309 0.333504  0.279188
4908 0.402245 0.149648  0.448107
3732 0.291845 0.340921  0.367235
5715 0.352772 0.29596  0.351268
4263 0.417606 0.111224  0.471169
2568 0.261484 0.256851  0.481665
1053 0.267128 0.376152  0.356721
3155 0.26981 0.452231  0.277959
7004 0.557908 0.375528  0.0665642
2509 0.566753 0.148329  0.284918
216 0.454221 0.263747  0.282032
2715 0.475093 0.417652  0.107255
3326 0.704632 0.0241395  0.271229
3579 0.227261 0.387309  0.38543
4433 0.337881 0.280798  0.381321
1993 0.684805 0.25486  0.060335
397 0.484969 0.0362884  0.478742
945 0.141819 0.752038  0.106143
5027 0.300894 0.364839  0.334268
6101 0.0275438 0.509297  0.463159
2136 0.184209 0.358298  0.457493
36 0.214732 0.319157  0.46611
2604 0.324212 0.622248  0.0535404
5055 0.526679 0.357227  0.116094
6572 0.399563 0.206404  0.394032
4890 0.439625 0.330741  0.229634
1582 0.0716869 0.427927  0.500386
3518 0.124967 0.532939  0.342095
1546 0.0674307 0.303309  0.62926
6273 0.0661856 0.812753  0.121061
6347 0.352885 0.386853  0.260262
2492 0.154491 0.563791  0.281718
6834 0.322856 0.0275561  0.649588
4488 0.375875 0.541442  0.082683
1386 0.638911 0.00807454  0.353015
1477 0.496667 0.0890952  0.414237
3983 0.510109 0.092185  0.397706
3029 0.0737915 0.16521  0.760999
4026 0.251836 0.374429  0.373735
3784 0.199736 0.290263  0.510001
889 0.692002 0.294517  0.0134811
1535 0.52137 0.446163  0.0324664
4547 0.180414 0.535525  0.284061
2529 0.316054 0.332161  0.351784
3086 0.349962 0.56568  0.0843582
2817 0.370963 0.433007  0.196031
6825 0.435184 0.101943  0.462872
6729 0.154036 0.185067  0.660897
6336 0.288707 0.364984  0.346308
6236 0.506656 0.0691661  0.424178
2357 0.243298 0.577602  0.179099
2132 0.0512408 0.403353  0.545406
1680 0.581659 0.387208  0.0311339
7237 0.491774 0.245875  0.262351
1783 0.669739 0.0406108  0.28965
2498 0.261332 0.261282  0.477387
2657 0.0127501 0.412505  0.574744
6502 0.0995427 0.111075  0.789383
3233 0.141326 0.382007  0.476667
3578 0.434721 0.316203  0.249076
4232 0.379224 0.294213  0.326563
3328 0.119525 0.562882  0.317593
2223 0.26917 0.377612  0.353219
1 0.701452 0.276206  0.022342
1340 0.16916 0.388403  0.442437
97 0.047797 0.625581  0.326622
384 0.401543 0.509085  0.0893719
2347 0.0450557 0.522963  0.431981
1257 0.183776 0.704764  0.11146
4190 0.289974 0.459098  0.250928
4664 0.413671 0.253962  0.332367
1309 0.344588 0.352278  0.303134
3495 0.194264 0.416581  0.389156
439 0.117904 0.27912  0.602976
6263 0.493869 0.196571  0.30956
2622 0.647029 0.0262522  0.326719
589 0.369576 0.0861104  0.544313
5711 0.396279 0.249815  0.353906
1030 0.306128 0.211784  0.482088
1713 0.33931 0.271258  0.389432
4798 0.58724 0.158563  0.254197
3666 0.214977 0.129963  0.65506
6271 0.122251 0.253715  0.624034
3926 0.311225 0.513421  0.175354
441 0.242383 0.170959  0.586658
1833 0.405533 0.205783  0.388684
4603 0.496786 0.0952071  0.408007
7139 0.264833 0.125044  0.610123
2310 0.301186 0.569059  0.129755
1720 0.562545 0.278895  0.158559
1539 0.080095 0.722959  0.196946
4847 0.13455 0.760514  0.104936
1629 0.105314 0.763472  0.131214
2758 0.0668075 0.43733  0.495862
2484 0.0435494 0.494943  0.461508
3665 0.847537 0.138114  0.0143486
5633 0.310062 0.229912  0.460026
336 0.588211 0.391862  0.0199271
6962 0.585736 0.345357  0.0689063
6034 0.316317 0.313971  0.369711
4928 0.114253 0.420589  0.465157
3209 0.239356 0.560669  0.199975
44 0.063892 0.894004  0.0421043
1790 0.513021 0.378656  0.108323
34 0.440161 0.489541  0.0702975
2840 0.197578 0.407037  0.395385
1084 0.128075 0.308626  0.563299
1277 0.408851 0.233186  0.357962
4527 0.0254526 0.31584  0.658707
4652 0.0781101 0.635974  0.285916
6902 0.332237 0.191219  0.476545
4624 0.182264 0.0928278  0.724908
7269 0.473933 0.134865  0.391202
6651 0.481831 0.205863  0.312306
4420 0.244844 0.4672  0.287956
3808 0.398453 0.221485  0.380062
2580 0.063331 0.215752  0.720917
1578 0.327377 0.290166  0.382457
6721 0.313986 0.349546  0.336468
6476 0.524256 0.249829  0.225915
3658 0.517331 0.1988  0.283869
1822 0.103807 0.290608  0.605585
1731 0.235491 0.0331257  0.731383
3660 0.249269 0.397386  0.353345
5196 0.259899 0.653471  0.0866308
7104 0.599844 0.327514  0.0726421
5117 0.340071 0.371579  0.28835
3106 0.257103 0.226421  0.516476
3027 0.0619223 0.728621  0.209457
3583 0.36056 0.246357  0.393083
6508 0.281653 0.374276  0.34407
2848 0.651785 0.110744  0.23747
4246 0.0677257 0.636526  0.295748
6759 0.524542 0.152655  0.322803
4812 0.649507 0.0990818  0.251411
2760 0.291565 0.276388  0.432047
2189 0.485005 0.076865  0.43813
87 0.402715 0.507303  0.0899819
5732 0.396494 0.188938  0.414568
3137 0.391489 0.40264  0.205871
4420 0.369748 0.32538  0.304871
2842 0.458735 0.411658  0.129608
6681 0.46664 0.404126  0.129234
5916 0.384438 0.273544  0.342018
4916 0.398446 0.36796  0.233595
7276 0.428834 0.440835  0.130332
4284 0.0380795 0.470211  0.491709
91 0.436682 0.304251  0.259066
647 0.635382 0.0729943  0.291624
169 0.353055 0.277894  0.369051
4263 0.327105 0.482137  0.190757
332 0.734782 0.187462  0.0777563
3423 0.319266 0.276047  0.404688
1501 0.286276 0.0691511  0.644573
6096 0.7539 0.167915  0.0781852
1744 0.33056 0.596983  0.0724578
1031 0.412041 0.168167  0.419792
3719 0.409199 0.240428  0.350373
4040 0.232251 0.307018  0.460731
3498 0.0845796 0.26933  0.64609
879 0.496233 0.13296  0.370807
3952 0.0564269 0.599196  0.344378
2201 0.276929 0.261253  0.461819
2431 0.425491 0.434313  0.140196
6507 0.0659435 0.558322  0.375734
897 0.272266 0.374646  0.353089
2630 0.317928 0.48648  0.195591
5578 0.231679 0.247885  0.520436
6567 0.237126 0.452928  0.309946
6059 0.0169008 0.0164985  0.966601
3275 0.418789 0.129953  0.451257
3274 0.175608 0.221526  0.602866
1283 0.405863 0.329656  0.264482
5684 0.57635 0.116214  0.307436
4336 0.22043 0.738945  0.0406251
3451 0.643689 0.153767  0.202544
441 0.381878 0.310692  0.30743
2984 0.274627 0.441124  0.28425
6700 0.278657 0.373895  0.347449
2939 0.11952 0.174239  0.706241
6555 0.158911 0.579973  0.261116
2450 0.0773106 0.787477  0.135213
3219 0.146278 0.33944  0.514282
6034 0.207247 0.360446  0.432307
6102 0.48233 0.229125  0.288546
6014 0.185149 0.342788  0.472063
1730 0.0167374 0.191951  0.791312
5061 0.456882 0.239772  0.303345
1826 0.355458 0.295787  0.348756
6907 0.532652 0.167281  0.300067
4796 0.617554 0.0573124  0.325134
2130 0.321263 0.623847  0.0548909
4135 0.420012 0.537619  0.0423688
4015 0.177598 0.391059  0.431343
2101 0.409383 0.442499  0.148117
3756 0.0541319 0.576964  0.368904
3462 0.159026 0.5001  0.340874
6699 0.0982252 0.605273  0.296502
5819 0.555165 0.30553  0.139305
21 0.352382 0.159969  0.48765
4433 0.556336 0.250623  0.193042
4605 0.429392 0.215447  0.355161
1595 0.213665 0.235727  0.550608
7231 0.365757 0.300883  0.33336
2513 0.210452 0.459567  0.329982
5111 0.30628 0.249435  0.444285
6070 0.32662 0.497319  0.176062
717 0.318623 0.522472  0.158905
1839 0.727994 0.0839261  0.18808
2863 0.333218 0.193756  0.473027
591 0.228813 0.419497  0.35169
3381 0.479328 0.341123  0.179549
3170 0.272137 0.448191  0.279672
602 0.0986014 0.583328  0.318071
6807 0.523514 0.0478593  0.428626
6778 0.42764 0.561694  0.010666
4581 0.189262 0.38202  0.428718
1106 0.175723 0.391114  0.433163
5687 0.597052 0.0636362  0.339312
356 0.286804 0.357748  0.355448
6667 0.158749 0.349311  0.49194
5326 0.377818 0.257528  0.364654
5706 0.563475 0.35098  0.0855446
1293 0.347718 0.431462  0.22082
3125 0.321378 0.0755951  0.603027
5988 0.294884 0.176713  0.528403
7150 0.208747 0.4492  0.342053
793 0.73089 0.233255  0.0358549
1845 0.0383104 0.554154  0.407535
7307 0.0225854 0.675697  0.301718
151 0.133182 0.370721  0.496097
5536 0.38846 0.482437  0.129103
5065 0.137022 0.614775  0.248203
5983 0.607835 0.3395  0.0526656
376 0.170941 0.809322  0.0197366
411 0.253037 0.26452  0.482444
2357 0.311735 0.526717  0.161548
6344 0.161816 0.353715  0.484469
910 0.097681 0.447805  0.454514
5351 0.238989 0.526633  0.234378
3531 0.354913 0.170067  0.47502
3866 0.315851 0.369872  0.314277
1051 0.154177 0.402721  0.443101
1191 0.465934 0.454111  0.0799541
3728 0.259134 0.463723  0.277143
1967 0.253787 0.142788  0.603425
3326 0.363009 0.416677  0.220315
124 0.496665 0.134257  0.369078
3521 0.159928 0.574672  0.2654
1283 0.225337 0.396109  0.378554
2421 0.210352 0.651731  0.137917
4045 0.0412559 0.338775  0.619969
2003 0.249604 0.346481  0.403915
4291 0.12534 0.423238  0.451422
6712 0.0776492 0.655275  0.267076
6503 0.520169 0.107576  0.372255
3952 0.419609 0.161781  0.41861
3163 0.826324 0.0725019  0.101174
5471 0.198106 0.397152  0.404743
2117 0.809389 0.0910196  0.099591
4124 0.349894 0.292118  0.357987
3105 0.294889 0.208695  0.496416
4049 0.0125844 0.518126  0.469289
4881 0.38553 0.234986  0.379484
1905 0.770405 0.219264  0.0103314
1984 0.218182 0.227193  0.554624
7084 0.20518 0.37404  0.42078
4681 0.180708 0.41726  0.402032
5488 0.13781 0.58666  0.27553
4937 0.272148 0.666815  0.0610366
5349 0.418013 0.268046  0.313942
6261 0.23702 0.343475  0.419504
2366 0.0123573 0.56977  0.417873
3907 0.256991 0.232966  0.510043
803 0.0404981 0.695274  0.264228
2900 0.417332 0.217717  0.364951
3768 0.308242 0.127517  0.564241
5592 0.123522 0.424839  0.451639
4025 0.252362 0.342139  0.405499
4217 0.180542 0.453828  0.36563
7108 0.455852 0.493405  0.0507432
5653 0.364092 0.227137  0.408771
2932 0.155926 0.468151  0.375923
2995 0.156078 0.421925  0.421997
417 0.0942588 0.134087  0.771654
1904 0.233068 0.584028  0.182904
4103 0.231339 0.440403  0.328258
3673 0.0294784 0.215332  0.75519
1985 0.284604 0.335707  0.379689
6689 0.229704 0.383627  0.386668
4131 0.160249 0.270935  0.568817
1183 0.09854 0.36105  0.54041
2918 0.28813 0.4304  0.28147
3845 0.0292945 0.435698  0.535008
5768 0.373919 0.363638  0.262442
283 0.336077 0.32757  0.336353
3258 0.245865 0.287354  0.466781
300 0.514227 0.462905  0.0228674
2799 0.45507 0.234917  0.310013
4183 0.284767 0.264725  0.450508
420 0.515796 0.444426  0.0397788
6899 0.630994 0.151065  0.217941
1632 0.222137 0.33952  0.438343
263 0.278177 0.13282  0.589003
7139 0.481107 0.0590024  0.459891
219 0.593342 0.167816  0.238842
1278 0.113446 0.161554  0.725
6058 0.551078 0.374666  0.074256
4515 0.31249 0.436957  0.250553
672 0.314396 0.101177  0.584427
1980 0.44299 0.108765  0.448245
4998 0.193944 0.152423  0.653633
6552 0.30864 0.585449  0.10591
3343 0.53567 0.392153  0.0721762
4205 0.232464 0.456843  0.310694
3474 0.463905 0.0771763  0.458918
6221 0.354462 0.383497  0.26204
2514 0.205795 0.158164  0.636041
6 0.467914 0.391361  0.140725
389 0.0909877 0.192054  0.716959
5501 0.405293 0.43543  0.159277
1299 0.139195 0.61321  0.247595
1284 0.495771 0.162763  0.341466
2797 0.462213 0.397112  0.140675
4934 0.767891 0.199301  0.0328084
4766 0.147963 0.541861  0.310176
1966 0.176316 0.257735  0.565949
4633 0.267886 0.378406  0.353708
5435 0.349651 0.584937  0.0654126
1433 0.238238 0.386494  0.375269
2477 0.323492 0.432772  0.243737
1568 0.0893435 0.0610479  0.849609
4322 0.268875 0.165654  0.565471
5173 0.0665343 0.664911  0.268555
3508 0.444447 0.113958  0.441594
5369 0.248464 0.0914639  0.660072
4339 0.346491 0.217413  0.436095
2398 0.364552 0.305433  0.330015
34 0.0923247 0.58026  0.327415
4778 0.120987 0.181057  0.697956
723 0.284351 0.469323  0.246326
816 0.406343 0.106523  0.487135
3057 0.337039 0.400065  0.262896
5765 0.370833 0.390336  0.238832
4116 0.248873 0.338873  0.412254
318 0.0688394 0.182753  0.748408
5187 0.221306 0.390982  0.387712
742 0.436917 0.215107  0.347976
3379 0.231348 0.194277  0.574375
98 0.3199 0.246367  0.433733
4524 0.614062 0.26863  0.117308
3059 0.662553 0.107803  0.229644
1607 0.476032 0.389519  0.134449
1045 0.372965 0.336039  0.290996
3318 0.469991 0.192251  0.337759
610 0.33896 0.0490831  0.611956
4198 0.123567 0.467539  0.408894
7152 0.255622 0.150749  0.593629
6295 0.216604 0.314634  0.468762
3885 0.439771 0.411607  0.148622
2500 0.364364 0.119714  0.515922
4198 0.149784 0.47749  0.372726
5872 0.43513 0.406258  0.158611
2191 0.460564 0.0488636  0.490573
631 0.189217 0.119329  0.691454
217 0.3904 0.38135  0.22825
1221 0.262124 0.257715  0.480161
1477 0.115717 0.448164  0.436119
3824 0.45507 0.221092  0.323838
1479 0.463227 0.0344021  0.502371
237 0.561574 0.161028  0.277398
2515 0.251771 0.364295  0.383935
3950 0.411772 0.258722  0.329507
6726 0.317186 0.406529  0.276285
5915 0.0974955 0.579282  0.323222
3638 0.357316 0.349978  0.292705
119 0.734375 0.16005  0.105575
4095 0.242334 0.447852  0.309814
1864 0.431693 0.513883  0.0544244
6044 0.368898 0.0487634  0.582338
381 0.087884 0.449839  0.462277
6320 0.599514 0.354719  0.0457665
1229 0.094022 0.698716  0.207262
568 0.418514 0.363859  0.217627
1441 0.474001 0.048901  0.477098
4428 0.409754 0.397064  0.193182
4982 0.0526976 0.369594  0.577709
3916 0.0696916 0.420521  0.509787
5350 0.194681 0.357301  0.448019
1647 0.390651 0.278417  0.330933
1430 0.325393 0.383864  0.290743
5728 0.576288 0.133524  0.290188
1816 0.371651 0.458032  0.170317
4288 0.474293 0.190097  0.33561
179 0.324208 0.287757  0.388035
5074 0.372892 0.501553  0.125554
5607 0.317926 0.179772  0.502301
5082 0.281661 0.384154  0.334186
6582 0.167074 0.576774  0.256152
675 0.207654 0.319071  0.473275
4273 0.845399 0.0164772  0.138124
5023 0.508158 0.393717  0.0981243
5051 0.372686 0.408544  0.21877
3181 0.404756 0.34576  0.249484
1809 0.142145 0.470937  0.386918
4615 0.515661 0.414541  0.0697974
4659 0.111906 0.363914  0.524179
2284 0.254815 0.199461  0.545723
2840 0.181368 0.302948  0.515685
7239 0.532455 0.139169  0.328376
3507 0.281656 0.47614  0.242204
2386 0.193944 0.182272  0.623784
3955 0.72787 0.088479  0.183651
4841 0.447765 0.232197  0.320038
7240 0.0209489 0.70622  0.272831
6240 0.318535 0.341155  0.34031
6265 0.393472 0.405887  0.200642
522 0.510065 0.318199  0.171735
6035 0.423082 0.220475  0.356443
226 0.112839 0.448522  0.43864
4566 0.0441682 0.0627963  0.893035
3672 0.195534 0.411933  0.392533
5642 0.397439 0.17963  0.422932
2531 0.0504855 0.494209  0.455306
5383 0.458098 0.115449  0.426453
7093 0.310242 0.333093  0.356664
4768 0.353154 0.369606  0.27724
1610 0.74092 0.0665477  0.192532
5900 0.238537 0.201924  0.559538
1033 0.11062 0.332313  0.557067
4727 0.0372849 0.328831  0.633884
2608 0.286076 0.419357  0.294567
2850 0.405471 0.0349777  0.559552
6375 0.257164 0.330843  0.411993
5639 0.651058 0.325433  0.0235092
2710 0.390247 0.175274  0.434479
3022 0.387966 0.135935  0.476099
532 0.527999 0.121779  0.350222
4688 0.456435 0.416284  0.127281
3442 0.400839 0.258106  0.341055
1040 0.116899 0.449865  0.433236
211 0.135743 0.42643  0.437827
5872 0.0888941 0.65769  0.253416
7029 0.496297 0.41172  0.0919833
6126 0.337804 0.355322  0.306874
897 0.42798 0.543564  0.028456
3012 0.0914398 0.683614  0.224946
5759 0.341799 0.292168  0.366033
2435 0.195026 0.107442  0.697531
2782 0.352171 0.456927  0.190901
5772 0.382745 0.353918  0.263336
4242 0.43362 0.241544  0.324836
5472 0.273658 0.197855  0.528487
555 0.443492 0.289817  0.266691
3196 0.134224 0.491599  0.374177
4903 0.204535 0.593572  0.201893
4121 0.159154 0.575129  0.265718
4226 0.599374 0.0414467  0.359179
1459 0.458758 0.257756  0.283486
2508 0.544673 0.290455  0.164872
3414 0.239374 0.440304  0.320322
202 0.0361845 0.428256  0.535559
6401 0.4267 0.40337  0.16993
41 0.0886956 0.780871  0.130433
4173 0.391831 0.194837  0.413332
4654 0.402718 0.287461  0.309821
4689 0.307251 0.476611  0.216138
1571 0.740426 0.188949  0.0706252
3214 0.375458 0.338207  0.286335
4256 0.732011 0.0664924  0.201496
3473 0.341308 0.0587431  0.599949
5125 0.478549 0.263728  0.257723
2438 0.331909 0.301195  0.366896
6405 0.481815 0.505663  0.0125221
843 0.589082 0.374799  0.0361184
5583 0.232918 0.388856  0.378226
1245 0.362062 0.124671  0.513267
4587 0.18508 0.50872  0.3062
6694 0.527285 0.11918  0.353535
5930 0.287975 0.418205  0.29382
6148 0.410391 0.0341151  0.555494
4596 0.525234 0.133531  0.341235
5294 0.0827541 0.46832  0.448926
5445 0.429045 0.0834927  0.487462
7293 0.476319 0.0516617  0.47202
861 0.313044 0.428395  0.258562
3393 0.282216 0.398504  0.31928
5054 0.140355 0.469125  0.39052
1456 0.710179 0.235743  0.0540781
1332 0.0744992 0.5094  0.4161
1268 0.336077 0.477  0.186923
244 0.354157 0.321096  0.324747
3027 0.45242 0.139111  0.408469
1793 0.474019 0.264381  0.2616
6805 0.237036 0.37583  0.387135
6351 0.327904 0.0283861  0.64371
971 0.555343 0.0812162  0.363441
3391 0.384275 0.393053  0.222673
3980 0.409178 0.220254  0.370568
3421 0.302206 0.328162  0.369632
1644 0.231615 0.234524  0.533862
