4678 0.603432 0.115974  0.280594
1619 0.347678 0.412472  0.23985
6291 0.0765557 0.525954  0.397491
7170 0.360932 0.530444  0.108624
2955 0.372635 0.0643928  0.562972
6806 0.339082 0.389815  0.271103
7163 0.596307 0.168019  0.235675
5218 0.232869 0.28012  0.487011
1235 0.585581 0.40436  0.0100588
2659 0.105739 0.227441  0.66682
1743 0.140048 0.450861  0.409091
7311 0.261329 0.49309  0.245582
1686 0.356273 0.522278  0.121449
7387 0.324665 0.60573  0.0696056
5467 0.441678 0.225209  0.333113
1330 0.227711 0.5376  0.234689
838 0.0658211 0.615004  0.319175
1063 0.4302 0.353892  0.215907
3373 0.297648 0.487845  0.214508
781 0.631414 0.307545  0.0610416
5561 0.345252 0.639455  0.015293
2650 0.0767413 0.45969  0.463569
3054 0.149725 0.773755  0.0765202
2287 0.388038 0.356349  0.255613
2365 0.0736884 0.658501  0.267811
1900 0.49346 0.264828  0.241712
6755 0.490604 0.262614  0.246782
4755 0.764496 0.213769  0.0217349
3532 0.381742 0.29653  0.321728
5563 0.188307 0.402263  0.40943
4215 0.484202 0.217935  0.297863
4229 0.272925 0.485333  0.241742
5115 0.100244 0.136695  0.763061
6089 0.284966 0.422221  0.292813
6031 0.103549 0.263441  0.633011
3492 0.442961 0.515379  0.0416607
6949 0.293798 0.225198  0.481004
4153 0.445437 0.418004  0.136559
500 0.112039 0.416103  0.471858
892 0.045013 0.71208  0.242907
2317 0.143548 0.527616  0.328836
5095 0.165516 0.508693  0.325791
3168 0.119651 0.245364  0.634985
1212 0.357304 0.450083  0.192613
7650 0.075141 0.904478  0.0203811
1879 0.147969 0.324244  0.527787
2151 0.627295 0.142782  0.229923
1546 0.88482 0.0687051  0.0464749
4259 0.352905 0.25285  0.394245
5995 0.47766 0.232786  0.289554
1796 0.221151 0.532231  0.246618
6359 0.237545 0.572088  0.190367
5815 0.59743 0.100854  0.301717
5415 0.166783 0.526171  0.307046
3108 0.259492 0.290942  0.449566
5697 0.209409 0.298291  0.4923
3206 0.390009 0.0884238  0.521567
6195 0.230686 0.0802861  0.689028
4884 0.370681 0.209719  0.4196
5103 0.399202 0.220711  0.380087
4914 0.170155 0.518548  0.311297
2674 0.22529 0.0534328  0.721277
4834 0.329446 0.39374  0.276814
6812 0.0310053 0.63674  0.332255
6105 0.172861 0.404494  0.422645
6145 0.482985 0.077546  0.439469
4965 0.120191 0.41854  0.461269
3956 0.278333 0.411471  0.310196
6695 0.315194 0.321276  0.363531
3408 0.131909 0.758147  0.109944
4138 0.190369 0.304876  0.504755
6055 0.193765 0.456216  0.350019
1447 0.384765 0.380008  0.235228
2299 0.190664 0.649748  0.159588
1000 0.715237 0.12587  0.158893
452 0.52901 0.267261  0.203729
4057 0.0364078 0.465252  0.498341
856 0.249983 0.464604  0.285413
1964 0.374552 0.397229  0.228219
1909 0.358957 0.604261  0.0367812
1689 0.115663 0.675725  0.208612
2717 0.600928 0.240823  0.15825
10 0.415633 0.33883  0.245537
7 0.0323679 0.550227  0.417405
5349 0.622387 0.0679415  0.309671
3857 0.530724 0.444187  0.0250891
6465 0.329708 0.28415  0.386142
4885 0.313205 0.256707  0.430088
4364 0.271456 0.289595  0.438949
96 0.38578 0.313638  0.300582
7172 0.488606 0.193976  0.317418
6642 0.516545 0.294924  0.18853
2130 0.505988 0.0373992  0.456613
5390 0.304906 0.301907  0.393187
3707 0.377008 0.188074  0.434918
5198 0.765146 0.131102  0.103751
5938 0.465922 0.284615  0.249462
5273 0.515785 0.317038  0.167177
1087 0.523135 0.352791  0.124073
6868 0.245812 0.338398  0.41579
6989 0.0966366 0.610075  0.293288
5948 0.401651 0.571469  0.0268802
6647 0.651303 0.0542503  0.294447
3790 0.315234 0.222956  0.46181
3014 0.492176 0.098073  0.409751
773 0.887127 0.0435041  0.0693691
4060 0.16623 0.735789  0.0979807
3011 0.228484 0.363777  0.407738
4023 0.585651 0.145451  0.268898
4191 0.270618 0.361096  0.368286
2837 0.15075 0.412776  0.436474
3948 0.372145 0.368687  0.259168
642 0.0602015 0.537499  0.4023
7650 0.540445 0.239815  0.21974
7554 0.56877 0.0574512  0.373779
1987 0.137284 0.419605  0.443111
342 0.436851 0.274501  0.288649
4253 0.0384333 0.361855  0.599712
3680 0.209902 0.313061  0.477037
5183 0.448412 0.489453  0.0621353
230 0.379226 0.282282  0.338492
3051 0.512796 0.360456  0.126748
415 0.471912 0.296514  0.231574
219 0.0239975 0.473429  0.502573
5063 0.746426 0.0370253  0.216548
5327 0.579594 0.0973318  0.323074
7380 0.334822 0.435283  0.229895
3400 0.285639 0.364277  0.350084
1871 0.106264 0.270602  0.623134
6421 0.38854 0.253763  0.357697
5684 0.203347 0.479513  0.31714
7534 0.252991 0.477574  0.269435
2586 0.4068 0.437928  0.155272
456 0.211808 0.427601  0.36059
2096 0.4618 0.168431  0.369769
1182 0.488857 0.291002  0.220141
2343 0.279717 0.364324  0.355959
7035 0.313097 0.17029  0.516613
5573 0.674431 0.138991  0.186578
6459 0.501198 0.446877  0.0519246
6317 0.786227 0.0608392  0.152933
3481 0.251943 0.551551  0.196506
6069 0.297938 0.556014  0.146047
1253 0.0265553 0.407683  0.565762
6812 0.399082 0.195462  0.405456
6849 0.108488 0.276864  0.614649
4579 0.373745 0.379735  0.246519
4149 0.237181 0.381636  0.381183
6821 0.14079 0.412833  0.446376
1214 0.0143626 0.234962  0.750675
1572 0.484282 0.339852  0.175866
2539 0.224874 0.0988392  0.676286
5639 0.361176 0.250343  0.388482
5314 0.310624 0.254927  0.434448
4750 0.376411 0.198401  0.425187
3806 0.0404999 0.375046  0.584455
1087 0.656038 0.263111  0.0808507
2185 0.908809 0.0601864  0.0310045
5485 0.2084 0.131813  0.659788
2308 0.0383852 0.44282  0.518795
3751 0.0851571 0.879506  0.0353367
6479 0.373099 0.207509  0.419391
3713 0.337157 0.183744  0.479099
228 0.273091 0.688141  0.0387679
7589 0.420902 0.211675  0.367423
3247 0.0393548 0.11027  0.850375
3822 0.686687 0.16747  0.145844
803 0.567616 0.37406  0.0583239
6908 0.356848 0.15674  0.486412
6680 0.43349 0.0780866  0.488423
4339 0.154567 0.459047  0.386386
2151 0.541842 0.20765  0.250508
1649 0.244367 0.346333  0.4093
7073 0.41935 0.0604767  0.520173
6755 0.455047 0.203273  0.34168
4465 0.232175 0.714406  0.0534186
7025 0.0364544 0.473417  0.490129
4708 0.255351 0.317604  0.427045
1486 0.329912 0.309244  0.360843
2187 0.163453 0.629644  0.206903
5596 0.479846 0.0270793  0.493074
2760 0.278892 0.279195  0.441913
6157 0.024316 0.427126  0.548558
1031 0.367067 0.436422  0.196511
1147 0.320484 0.329255  0.350261
134 0.316596 0.103097  0.580307
3059 0.196665 0.0704113  0.732924
3808 0.498891 0.0561996  0.44491
6758 0.489902 0.377392  0.132706
5820 0.081071 0.469565  0.449364
232 0.249036 0.136309  0.614655
1896 0.492469 0.111941  0.39559
1755 0.223608 0.497378  0.279014
6087 0.447217 0.469181  0.0836023
5445 0.496256 0.493493  0.0102507
3600 0.526802 0.339469  0.13373
7210 0.166442 0.415303  0.418256
7083 0.357376 0.408791  0.233833
4418 0.172962 0.27456  0.552477
2998 0.340558 0.290306  0.369136
4028 0.249955 0.359288  0.390757
5028 0.20685 0.303907  0.489243
3115 0.50606 0.0448094  0.449131
507 0.403049 0.0872537  0.509697
1511 0.117548 0.162235  0.720217
3838 0.418223 0.181816  0.399961
13 0.4067 0.115742  0.477558
5344 0.239894 0.407603  0.352503
5786 0.0856261 0.261478  0.652896
2620 0.411988 0.148282  0.43973
6182 0.335286 0.130031  0.534684
5571 0.316169 0.347959  0.335872
1661 0.417434 0.495291  0.0872753
2036 0.3631 0.332867  0.304033
5757 0.0489487 0.353228  0.597823
7355 0.0297109 0.594289  0.376
7420 0.19182 0.405076  0.403104
1346 0.419363 0.0179773  0.56266
384 0.20419 0.150014  0.645795
2717 0.381727 0.142801  0.475472
5149 0.840045 0.0952579  0.0646969
209 0.442031 0.162865  0.395104
3983 0.289278 0.20788  0.502842
3341 0.49257 0.0722486  0.435181
2910 0.302054 0.357592  0.340354
4130 0.41506 0.403863  0.181078
6635 0.363904 0.288184  0.347912
1466 0.347212 0.30103  0.351758
2712 0.368493 0.136225  0.495281
5890 0.217726 0.745629  0.0366446
4725 0.334554 0.401431  0.264015
313 0.575468 0.261632  0.1629
5261 0.443794 0.117235  0.438971
6155 0.227122 0.477091  0.295787
6929 0.67887 0.114286  0.206843
2429 0.217793 0.14375  0.638457
5972 0.456163 0.159479  0.384357
3907 0.197691 0.385959  0.41635
1915 0.436971 0.0674524  0.495577
1680 0.308431 0.527163  0.164405
823 0.344107 0.34781  0.308083
1327 0.230327 0.449853  0.31982
7562 0.369698 0.360075  0.270227
1544 0.239487 0.495715  0.264798
7234 0.293382 0.244158  0.46246
2184 0.347855 0.24127  0.410875
7608 0.059008 0.315258  0.625734
2192 0.0876597 0.290859  0.621481
7112 0.416702 0.527518  0.0557796
2 0.650369 0.288576  0.0610551
6952 0.265544 0.300727  0.433729
6192 0.356142 0.332471  0.311387
5250 0.139262 0.745581  0.115158
6593 0.52967 0.0965086  0.373821
91 0.37748 0.268783  0.353736
3582 0.247811 0.249614  0.502574
6581 0.438421 0.103177  0.458402
7637 0.317352 0.323137  0.359511
2129 0.277548 0.327016  0.395436
6033 0.352125 0.094636  0.553239
1705 0.441858 0.125758  0.432383
4964 0.407378 0.229187  0.363436
4415 0.332592 0.417943  0.249466
2465 0.276546 0.640241  0.0832132
6269 0.325704 0.461024  0.213272
7412 0.25268 0.393529  0.35379
6022 0.636155 0.0295715  0.334273
1638 0.144592 0.657722  0.197686
1932 0.106037 0.345754  0.548209
2241 0.228975 0.343308  0.427717
2460 0.831188 0.0857529  0.0830591
7285 0.441284 0.09228  0.466436
4144 0.493624 0.378926  0.12745
3005 0.142354 0.578729  0.278917
3993 0.423024 0.476542  0.100433
3048 0.371433 0.383918  0.244649
1768 0.218821 0.521927  0.259253
3392 0.0642425 0.378699  0.557059
5245 0.130169 0.428723  0.441108
4005 0.535373 0.195385  0.269243
4666 0.62478 0.29779  0.0774302
4062 0.776399 0.0536844  0.169917
6065 0.245505 0.147517  0.606979
2173 0.438187 0.234995  0.326818
2067 0.745916 0.0287782  0.225306
1881 0.691211 0.260938  0.0478508
1661 0.258472 0.642925  0.0986026
5070 0.361351 0.356738  0.281911
2625 0.51048 0.36891  0.120611
2955 0.140835 0.0213551  0.83781
7201 0.478495 0.30009  0.221415
6676 0.290256 0.473823  0.235921
1136 0.506733 0.230294  0.262973
27 0.361974 0.110417  0.527608
463 0.655897 0.121007  0.223096
582 0.243762 0.395272  0.360967
584 0.399582 0.131146  0.469272
1439 0.358858 0.112223  0.528919
4947 0.140424 0.552019  0.307557
1934 0.360663 0.296097  0.34324
7431 0.524114 0.429019  0.0468678
3861 0.56572 0.119923  0.314357
1634 0.061817 0.630905  0.307278
367 0.222456 0.330834  0.446711
2258 0.31388 0.664606  0.0215143
5898 0.627593 0.340235  0.0321725
2288 0.74695 0.170274  0.0827756
5107 0.183363 0.354289  0.462348
7066 0.0122475 0.261412  0.726341
4939 0.416181 0.413206  0.170614
477 0.550513 0.225535  0.223952
1888 0.54114 0.195437  0.263422
1506 0.175154 0.413718  0.411129
3110 0.400542 0.279275  0.320184
5890 0.517766 0.164769  0.317464
1340 0.501742 0.127867  0.370392
5546 0.601675 0.226332  0.171993
4538 0.557015 0.111682  0.331304
4706 0.482312 0.327398  0.19029
2637 0.475263 0.491082  0.033655
554 0.436298 0.426363  0.137339
4484 0.608326 0.245108  0.146566
2113 0.0804501 0.45957  0.45998
2614 0.432373 0.495714  0.0719132
1035 0.561122 0.218984  0.219894
1987 0.752743 0.133439  0.113818
536 0.577864 0.0447627  0.377373
7260 0.190592 0.312878  0.496529
793 0.352781 0.484384  0.162835
1735 0.400809 0.297805  0.301385
5499 0.303504 0.579749  0.116747
4142 0.164063 0.557394  0.278543
867 0.284112 0.401821  0.314066
3074 0.28796 0.267976  0.444063
323 0.392208 0.263239  0.344553
2442 0.268048 0.472831  0.259121
369 0.46188 0.472267  0.0658532
6301 0.298928 0.0750691  0.626003
130 0.414463 0.409767  0.17577
2154 0.391369 0.196275  0.412356
1009 0.264985 0.385828  0.349187
7461 0.296206 0.328263  0.375531
940 0.336269 0.340904  0.322827
3788 0.321607 0.451581  0.226811
1910 0.238269 0.393876  0.367855
495 0.016606 0.449801  0.533593
7131 0.417587 0.291247  0.291166
971 0.249969 0.411487  0.338544
684 0.252109 0.0165324  0.731359
546 0.382922 0.370247  0.246831
1302 0.310301 0.23782  0.451879
969 0.593506 0.190219  0.216276
4614 0.419534 0.418182  0.162285
2648 0.419165 0.1648  0.416035
7381 0.109798 0.19002  0.700182
5124 0.354026 0.356742  0.289232
2834 0.0164129 0.552656  0.430931
1534 0.00934132 0.590205  0.400454
6295 0.544574 0.316016  0.13941
5265 0.339697 0.171076  0.489227
6391 0.519254 0.370812  0.109934
6019 0.235211 0.258111  0.506678
4961 0.0343041 0.535715  0.429981
647 0.237476 0.31292  0.449605
3993 0.402332 0.183542  0.414126
905 0.0892907 0.564921  0.345788
6179 0.311352 0.498274  0.190374
3841 0.25766 0.40941  0.332931
5296 0.469645 0.149258  0.381097
857 0.190298 0.473816  0.335886
7506 0.454883 0.0804797  0.464638
5549 0.47679 0.104363  0.418846
483 0.531373 0.446159  0.022468
7110 0.445427 0.0986318  0.455941
3664 0.4082 0.3621  0.229701
494 0.558881 0.230586  0.210533
3846 0.559481 0.347484  0.0930352
361 0.559284 0.311904  0.128812
1350 0.0629493 0.661846  0.275204
2402 0.391282 0.0440476  0.564671
7047 0.573385 0.0376343  0.388981
6445 0.306868 0.494619  0.198513
968 0.280774 0.373468  0.345759
1369 0.38086 0.243924  0.375215
4776 0.374954 0.338382  0.286664
4555 0.369076 0.10543  0.525495
4951 0.393998 0.280074  0.325927
1341 0.168858 0.433423  0.397719
111 0.248549 0.570856  0.180596
1296 0.417507 0.462614  0.11988
3920 0.363656 0.0746717  0.561672
3428 0.334768 0.23411  0.431122
1982 0.362079 0.271573  0.366349
6317 0.480695 0.188084  0.331221
2255 0.256643 0.184975  0.558382
418 0.67926 0.259619  0.0611214
3224 0.586611 0.120635  0.292754
7217 0.316211 0.643187  0.0406018
1561 0.413059 0.485906  0.101035
4098 0.231156 0.404591  0.364253
1107 0.0515157 0.37695  0.571534
3898 0.10242 0.800849  0.0967311
6906 0.287012 0.473484  0.239504
7549 0.550469 0.0715499  0.377981
5770 0.207206 0.164453  0.628341
5883 0.305231 0.296922  0.397847
805 0.0545177 0.259584  0.685898
5832 0.0782345 0.68298  0.238786
4938 0.432334 0.312664  0.255003
2216 0.519542 0.0336011  0.446857
118 0.298716 0.0513951  0.649889
5557 0.346931 0.347614  0.305455
482 0.0399434 0.455662  0.504395
2978 0.295708 0.189368  0.514925
6103 0.309462 0.44056  0.249978
4040 0.61237 0.220019  0.167611
5455 0.291557 0.0206235  0.68782
5573 0.273637 0.367393  0.35897
6157 0.447647 0.443689  0.108663
2384 0.478751 0.180093  0.341155
7184 0.342227 0.222722  0.435051
2924 0.419699 0.335522  0.244779
706 0.422724 0.464241  0.113035
319 0.278665 0.383605  0.33773
1524 0.490584 0.188138  0.321278
6361 0.504679 0.148572  0.346749
3755 0.317535 0.242771  0.439694
533 0.160941 0.447495  0.391564
1763 0.113752 0.640128  0.24612
4546 0.180745 0.682087  0.137169
2795 0.434216 0.477343  0.0884413
6472 0.424786 0.179258  0.395956
684 0.0203877 0.494539  0.485074
3796 0.401313 0.12725  0.471437
5238 0.570288 0.364238  0.065474
6046 0.206659 0.620016  0.173324
6865 0.66813 0.0671599  0.26471
5768 0.52507 0.35797  0.11696
969 0.7959 0.136253  0.0678469
5522 0.598663 0.014981  0.386356
725 0.0575888 0.353585  0.588826
3110 0.713481 0.249002  0.037517
2292 0.492765 0.0608263  0.446409
3418 0.512834 0.425864  0.0613027
3421 0.537115 0.401037  0.0618478
5855 0.368475 0.255289  0.376236
2642 0.255301 0.427536  0.317163
2512 0.313506 0.249571  0.436923
917 0.343909 0.0315542  0.624537
6679 0.240268 0.448839  0.310894
3430 0.366507 0.294465  0.339028
7302 0.579941 0.317773  0.102285
4340 0.708465 0.103966  0.18757
1628 0.0919942 0.764202  0.143804
458 0.242936 0.282666  0.474398
1652 0.23062 0.544124  0.225256
844 0.408454 0.0581072  0.533439
781 0.252908 0.331962  0.415131
6427 0.638196 0.352157  0.00964712
3765 0.0140491 0.425313  0.560638
2565 0.292634 0.192542  0.514825
4127 0.28236 0.0337556  0.683885
5156 0.436301 0.345792  0.217907
4821 0.23315 0.43462  0.332229
6072 0.520408 0.218628  0.260964
3260 0.553965 0.0939967  0.352039
1367 0.511537 0.292865  0.195598
7461 0.0556119 0.340943  0.603445
4434 0.325642 0.405308  0.26905
3311 0.0678002 0.107437  0.824763
4571 0.502022 0.196993  0.300986
5009 0.310966 0.0888418  0.600192
5977 0.459783 0.322927  0.21729
7358 0.375341 0.299836  0.324823
586 0.133821 0.418327  0.447852
7166 0.41131 0.219233  0.369457
6673 0.364312 0.142538  0.49315
6777 0.547582 0.165757  0.286661
4290 0.05357 0.518953  0.427477
1098 0.415781 0.0957356  0.488483
4246 0.419431 0.484879  0.0956904
1398 0.504648 0.0350628  0.460289
7388 0.308775 0.325364  0.365861
4966 0.0752663 0.172421  0.752313
4820 0.319123 0.3322  0.348677
3470 0.479548 0.0730248  0.447427
1698 0.339657 0.493925  0.166419
7485 0.426548 0.354975  0.218477
6471 0.286481 0.468581  0.244939
244 0.324222 0.352044  0.323734
3741 0.0160485 0.49129  0.492662
5381 0.0896514 0.711482  0.198866
6722 0.346227 0.515097  0.138676
1696 0.377523 0.51372  0.108757
3991 0.324255 0.161463  0.514282
1095 0.217093 0.385502  0.397405
6590 0.242624 0.307839  0.449537
6265 0.0932566 0.486886  0.419857
7522 0.504504 0.192146  0.303349
4983 0.0217323 0.625096  0.353171
782 0.306252 0.0351555  0.658592
7117 0.334834 0.355191  0.309975
2284 0.0189613 0.685324  0.295714
1179 0.491509 0.125468  0.383023
7104 0.134976 0.588054  0.27697
5533 0.483898 0.301626  0.214476
2283 0.374944 0.335698  0.289358
2261 0.133607 0.385811  0.480582
5865 0.413076 0.337679  0.249245
6182 0.503861 0.0628645  0.433275
4900 0.0510458 0.817985  0.130969
1706 0.579428 0.0594488  0.361123
7513 0.715536 0.0717101  0.212754
864 0.184205 0.161486  0.654308
6438 0.219836 0.383266  0.396898
7378 0.365367 0.493532  0.141101
7169 0.241192 0.406922  0.351885
4768 0.413812 0.148443  0.437745
3897 0.168944 0.619501  0.211556
6193 0.361506 0.267585  0.370909
3404 0.359979 0.414499  0.225523
2803 0.597174 0.155915  0.246911
7018 0.509351 0.0739746  0.416675
2811 0.351322 0.421011  0.227666
4045 0.153771 0.716451  0.129778
2868 0.69354 0.0742071  0.232253
812 0.288911 0.385556  0.325533
7361 0.377808 0.240286  0.381906
279 0.309348 0.201008  0.489644
4858 0.445125 0.435606  0.119269
1471 0.600336 0.306735  0.0929289
4623 0.225088 0.38739  0.387522
5596 0.301643 0.301443  0.396914
1604 0.469529 0.0191274  0.511343
3762 0.476442 0.424147  0.0994112
7305 0.331257 0.231302  0.437441
6331 0.214843 0.493654  0.291502
182 0.569504 0.28184  0.148656
4975 0.363797 0.376839  0.259364
4495 0.477689 0.11782  0.404491
7606 0.346274 0.0257712  0.627955
164 0.392633 0.566194  0.0411728
7516 0.231536 0.390992  0.377472
6114 0.292393 0.204055  0.503551
2628 0.192488 0.323523  0.483989
5385 0.514235 0.141535  0.34423
3946 0.459123 0.203078  0.337799
5104 0.610861 0.132763  0.256375
1157 0.656301 0.314294  0.0294057
1759 0.553772 0.0285722  0.417656
5601 0.246049 0.708058  0.0458928
229 0.414756 0.0897988  0.495445
7011 0.374124 0.425767  0.200109
4144 0.322204 0.364135  0.313661
5343 0.57781 0.399562  0.0226276
5680 0.402627 0.0278172  0.569556
2088 0.476677 0.434766  0.0885569
2334 0.637911 0.278017  0.0840716
1560 0.280931 0.28044  0.438629
2059 0.579956 0.128795  0.291249
7360 0.323386 0.42203  0.254584
4317 0.171519 0.337078  0.491403
1904 0.0269011 0.474424  0.498675
3677 0.205361 0.594963  0.199676
3800 0.740313 0.0524325  0.207254
2985 0.610929 0.35485  0.0342215
5531 0.332408 0.234603  0.432989
1680 0.639583 0.091733  0.268684
4924 0.443276 0.279708  0.277017
7208 0.317646 0.369413  0.312941
2417 0.297522 0.361903  0.340574
635 0.39328 0.431915  0.174806
4503 0.518244 0.345675  0.136081
5336 0.160223 0.399512  0.440266
7073 0.231088 0.0389017  0.730011
2678 0.571527 0.295503  0.13297
3375 0.50387 0.37858  0.11755
6578 0.175625 0.184212  0.640163
756 0.375575 0.212155  0.41227
909 0.411809 0.441918  0.146273
4657 0.283896 0.46065  0.255455
429 0.431037 0.462743  0.10622
2758 0.520458 0.414166  0.0653765
7621 0.672665 0.0471819  0.280153
66 0.153477 0.453685  0.392838
6929 0.538216 0.125485  0.336299
2395 0.623732 0.109639  0.266629
7179 0.613005 0.0881206  0.298875
1463 0.553802 0.120832  0.325366
1177 0.24718 0.300585  0.452235
7336 0.348258 0.348621  0.303121
1300 0.412908 0.0427169  0.544375
7512 0.30701 0.333157  0.359833
2296 0.176969 0.288005  0.535026
4955 0.283596 0.242836  0.473568
915 0.366741 0.452488  0.180771
7468 0.345395 0.36226  0.292345
36 0.588803 0.208821  0.202377
4535 0.279196 0.373455  0.347349
6501 0.251998 0.52345  0.224552
1317 0.467671 0.497809  0.0345196
5029 0.582075 0.277181  0.140744
5740 0.602424 0.304025  0.093551
4164 0.344593 0.407938  0.247469
4779 0.848634 0.0363893  0.114976
232 0.165369 0.457175  0.377456
4529 0.264148 0.270279  0.465573
6868 0.410516 0.458072  0.131412
4742 0.336335 0.536142  0.127523
4828 0.368728 0.110273  0.520999
1389 0.413414 0.41467  0.171915
3569 0.4254 0.144008  0.430592
550 0.269054 0.716874  0.0140722
3308 0.131766 0.598982  0.269251
2469 0.51327 0.403888  0.0828423
3232 0.0873674 0.3441  0.568532
7645 0.0614235 0.579392  0.359185
196 0.356667 0.348465  0.294868
6938 0.516013 0.154118  0.329869
1477 0.245931 0.428482  0.325587
1828 0.298949 0.296796  0.404255
1473 0.378952 0.316283  0.304765
4863 0.267457 0.311125  0.421418
7086 0.316877 0.329286  0.353837
6929 0.158323 0.420881  0.420796
6281 0.193202 0.583614  0.223184
5874 0.189439 0.455054  0.355507
6261 0.111257 0.395296  0.493447
321 0.256348 0.366239  0.377413
1945 0.340627 0.397784  0.261588
4172 0.21778 0.560973  0.221247
5530 0.184386 0.67914  0.136473
4727 0.749075 0.217462  0.0334631
5469 0.398652 0.247759  0.353589
3664 0.418774 0.521027  0.0601993
4052 0.417231 0.460024  0.122744
6938 0.454019 0.330312  0.215669
3375 0.102379 0.602274  0.295347
4900 0.112259 0.599585  0.288156
2050 0.526241 0.324073  0.149686
4605 0.0368417 0.371373  0.591785
3831 0.656177 0.0250936  0.318729
4648 0.289719 0.442096  0.268185
7517 0.535191 0.20017  0.264639
3817 0.277906 0.176385  0.545709
4183 0.535761 0.230892  0.233347
5887 0.520595 0.441314  0.0380913
5313 0.490239 0.233123  0.276637
3602 0.247139 0.335689  0.417173
7403 0.293736 0.301871  0.404393
541 0.369173 0.509706  0.121121
1473 0.751397 0.0450986  0.203505
260 0.324465 0.209977  0.465559
796 0.231002 0.332606  0.436392
3543 0.179477 0.191311  0.629213
1909 0.366812 0.213353  0.419836
6232 0.0397549 0.392774  0.567471
5163 0.194627 0.575246  0.230126
4734 0.469375 0.161137  0.369487
4719 0.485285 0.128847  0.385867
5343 0.26772 0.463401  0.26888
2741 0.0228179 0.325458  0.651724
4889 0.247381 0.458311  0.294308
80 0.571432 0.188928  0.239639
3051 0.516632 0.19158  0.291789
2129 0.545432 0.428724  0.0258441
6638 0.285444 0.56403  0.150526
4955 0.562381 0.0222951  0.415324
6019 0.300455 0.422365  0.27718
7205 0.430581 0.123413  0.446006
246 0.510103 0.392962  0.0969347
3015 0.0240113 0.432603  0.543386
1950 0.132521 0.326422  0.541057
4993 0.635454 0.174633  0.189913
2049 0.235317 0.230871  0.533812
2157 0.295636 0.335308  0.369056
6595 0.382236 0.44271  0.175055
5312 0.510603 0.430338  0.0590597
6608 0.611362 0.188068  0.20057
622 0.356931 0.361907  0.281162
948 0.12874 0.143634  0.727625
4362 0.262841 0.346261  0.390898
4845 0.293589 0.364664  0.341747
2354 0.561606 0.0667643  0.37163
4694 0.252535 0.314844  0.432621
1994 0.365913 0.47791  0.156177
2651 0.24307 0.359129  0.397801
4654 0.304617 0.102069  0.593314
6226 0.245702 0.392661  0.361637
2006 0.0988636 0.105614  0.795522
4996 0.394503 0.258499  0.346997
4451 0.0787101 0.376847  0.544443
6313 0.319486 0.12343  0.557084
5957 0.0793826 0.549488  0.371129
2579 0.290478 0.636772  0.0727502
3115 0.0480372 0.459323  0.49264
6973 0.418012 0.149229  0.432759
3371 0.174933 0.0667581  0.758309
6931 0.372512 0.200076  0.427412
6600 0.685982 0.207078  0.10694
7393 0.282277 0.422731  0.294992
2547 0.207301 0.399593  0.393106
6199 0.705683 0.247398  0.046919
4485 0.662566 0.296791  0.0406435
2799 0.576439 0.108482  0.31508
2076 0.0268504 0.459313  0.513837
6602 0.42291 0.364628  0.212462
5330 0.159623 0.415276  0.425102
6850 0.291838 0.396108  0.312054
4343 0.360737 0.340145  0.299118
4303 0.305204 0.413031  0.281765
491 0.110741 0.103049  0.78621
3826 0.232027 0.291954  0.476019
5816 0.790399 0.077457  0.132144
3414 0.349438 0.240657  0.409905
6899 0.345744 0.422567  0.231689
2047 0.358162 0.479728  0.162109
48 0.388268 0.313082  0.298651
5274 0.258661 0.101421  0.639918
3690 0.207929 0.234728  0.557343
6317 0.322366 0.526963  0.15067
840 0.587632 0.0332621  0.379106
4062 0.0856259 0.353048  0.561326
637 0.416307 0.460406  0.123287
7431 0.427659 0.47732  0.0950208
3908 0.306286 0.415335  0.278379
2186 0.0970073 0.690154  0.212839
3805 0.206591 0.33745  0.455958
2316 0.200949 0.407104  0.391948
3789 0.370427 0.227353  0.402221
7590 0.342676 0.407616  0.249707
5743 0.48266 0.153654  0.363686
1723 0.42014 0.281932  0.297928
4280 0.199083 0.289177  0.51174
7130 0.302 0.259675  0.438325
6251 0.38511 0.241466  0.373424
3392 0.242371 0.58839  0.169239
6125 0.391511 0.124943  0.483546
5366 0.499594 0.0941316  0.406274
3582 0.0662237 0.379881  0.553895
6808 0.204222 0.34026  0.455518
4205 0.555535 0.0231335  0.421331
3040 0.579075 0.340308  0.0806175
4557 0.356013 0.468075  0.175912
6191 0.545573 0.365752  0.0886751
5949 0.212823 0.585403  0.201775
1128 0.451876 0.379043  0.169081
4527 0.370353 0.0749994  0.554648
1988 0.0459138 0.521438  0.432648
7034 0.340149 0.639963  0.0198889
1222 0.439746 0.130915  0.429339
4959 0.269402 0.424028  0.30657
2850 0.558403 0.0890889  0.352509
1233 0.247524 0.414103  0.338373
6868 0.50855 0.387039  0.10441
568 0.289669 0.418804  0.291527
769 0.0188987 0.709492  0.271609
2950 0.20152 0.77961  0.01887
690 0.359029 0.177506  0.463465
7344 0.375478 0.0766877  0.547835
2166 0.34568 0.486129  0.168191
1680 0.254407 0.0298426  0.715751
5265 0.144241 0.132769  0.722991
6161 0.217204 0.299347  0.483449
2087 0.439728 0.120793  0.439479
7263 0.151962 0.531683  0.316355
7554 0.258254 0.65048  0.0912657
7 0.171586 0.486975  0.341439
3627 0.105781 0.360736  0.533484
1886 0.233537 0.423034  0.34343
3574 0.381128 0.178607  0.440264
613 0.167644 0.356938  0.475417
3644 0.593282 0.390416  0.0163021
7581 0.27285 0.260827  0.466323
1931 0.296929 0.383819  0.319251
3134 0.500388 0.489298  0.0103147
5278 0.35672 0.317258  0.326022
3773 0.441736 0.231993  0.326271
7307 0.380993 0.390902  0.228105
4299 0.276763 0.359802  0.363435
4921 0.844215 0.114635  0.0411495
1061 0.21859 0.0672967  0.714114
3638 0.0469716 0.511765  0.441263
3620 0.563764 0.271164  0.165072
2758 0.53991 0.389777  0.0703127
401 0.198276 0.437185  0.364539
1327 0.365659 0.328363  0.305978
2839 0.429373 0.147118  0.423509
3469 0.724925 0.0771016  0.197974
2519 0.201081 0.393983  0.404937
840 0.348078 0.179017  0.472905
6564 0.43373 0.210536  0.355734
6702 0.638866 0.196976  0.164158
1157 0.0956638 0.417425  0.486911
4325 0.30716 0.222373  0.470467
5369 0.421301 0.358377  0.220321
3572 0.469893 0.431909  0.0981989
3698 0.401552 0.564876  0.0335719
53 0.100635 0.499004  0.400361
1922 0.337304 0.271021  0.391675
5501 0.347513 0.461509  0.190977
3393 0.119715 0.471687  0.408599
166 0.244798 0.434617  0.320585
3909 0.250959 0.404031  0.345011
3092 0.182793 0.422876  0.394331
3429 0.199896 0.344396  0.455707
1104 0.257337 0.341658  0.401006
2037 0.342311 0.323293  0.334396
56 0.257194 0.373103  0.369703
5257 0.274324 0.34396  0.381716
3315 0.397548 0.0125725  0.589879
6186 0.265876 0.441104  0.29302
362 0.0274048 0.880836  0.0917595
4614 0.244534 0.340561  0.414905
1463 0.24667 0.457689  0.295641
1374 0.0962576 0.440756  0.462987
6523 0.180296 0.800948  0.0187563
2935 0.67813 0.245538  0.0763317
2560 0.638305 0.06166  0.300035
7366 0.460801 0.202178  0.337021
1908 0.324796 0.0773229  0.597881
4997 0.153883 0.0937976  0.75232
1695 0.0392056 0.479754  0.48104
7544 0.0359153 0.346164  0.61792
1651 0.687798 0.224001  0.0882001
6685 0.574596 0.308521  0.116883
7042 0.314411 0.272702  0.412887
4459 0.416051 0.118764  0.465185
4794 0.379764 0.378528  0.241708
1012 0.575714 0.32433  0.0999562
1924 0.415663 0.246726  0.337611
1738 0.238704 0.39804  0.363256
3762 0.233843 0.343872  0.422285
2650 0.829159 0.146871  0.0239705
1082 0.0263738 0.460277  0.513349
4154 0.130558 0.411472  0.45797
2466 0.443617 0.376222  0.18016
497 0.64824 0.143606  0.208153
119 0.491355 0.448719  0.059926
1931 0.0400265 0.139055  0.820919
4532 0.124554 0.349238  0.526209
2451 0.478232 0.187214  0.334554
2406 0.690011 0.218339  0.0916504
3363 0.121843 0.547289  0.330868
3206 0.403737 0.441566  0.154697
2681 0.486058 0.433647  0.0802948
3569 0.116186 0.270318  0.613495
1056 0.52922 0.356845  0.113934
6528 0.220853 0.520633  0.258514
282 0.462512 0.364732  0.172757
5317 0.135153 0.651696  0.213151
1700 0.482084 0.242004  0.275912
3816 0.480335 0.221537  0.298128
2617 0.266059 0.414782  0.319159
4692 0.225988 0.356678  0.417335
371 0.253401 0.436301  0.310298
2443 0.0451971 0.171473  0.78333
2297 0.44914 0.310853  0.240007
4341 0.444158 0.441728  0.114114
2670 0.465152 0.43535  0.099498
6179 0.375592 0.123777  0.500631
611 0.639795 0.341804  0.0184014
6 0.409155 0.402355  0.18849
2631 0.410888 0.425529  0.163582
7210 0.81523 0.128489  0.0562815
2336 0.331147 0.412596  0.256257
2744 0.540488 0.114943  0.344569
197 0.559491 0.279501  0.161009
4248 0.355837 0.573029  0.0711348
5664 0.461825 0.458962  0.0792136
3717 0.406323 0.165084  0.428593
498 0.443008 0.178442  0.37855
796 0.183224 0.430511  0.386265
6294 0.155258 0.453642  0.391101
1749 0.283 0.651252  0.0657488
7385 0.235825 0.181402  0.582773
6588 0.536819 0.0204695  0.442712
6086 0.335968 0.643467  0.0205647
6599 0.33685 0.182773  0.480377
1114 0.158879 0.487641  0.35348
713 0.325546 0.391062  0.283392
3020 0.575338 0.0241854  0.400476
5175 0.392071 0.360828  0.247101
2160 0.19059 0.77751  0.0319
6069 0.475344 0.351143  0.173513
2458 0.408242 0.199414  0.392343
4324 0.076444 0.227192  0.696364
324 0.368823 0.275756  0.355422
6735 0.607634 0.354364  0.0380023
7302 0.0770265 0.403071  0.519902
5042 0.145218 0.367519  0.487262
7120 0.27559 0.36756  0.35685
588 0.461881 0.105004  0.433116
282 0.175719 0.59078  0.233501
2088 0.416078 0.371744  0.212179
726 0.353385 0.528081  0.118534
6262 0.467111 0.485455  0.0474336
2616 0.230724 0.39715  0.372126
5391 0.198423 0.446449  0.355128
1078 0.376968 0.093888  0.529144
6881 0.381682 0.208603  0.409714
3743 0.408078 0.494846  0.0970756
5265 0.155005 0.745137  0.0998574
2150 0.350489 0.5016  0.14791
5523 0.232819 0.44052  0.326661
2825 0.671373 0.241168  0.0874588
3925 0.529145 0.421531  0.0493242
4120 0.481422 0.347263  0.171315
2779 0.253843 0.473624  0.272533
99 0.0777507 0.500529  0.42172
816 0.266177 0.232614  0.501209
5384 0.235284 0.304156  0.46056
6208 0.299596 0.654621  0.0457824
5317 0.347207 0.343373  0.30942
4632 0.480047 0.105187  0.414765
1845 0.166916 0.701427  0.131657
545 0.134726 0.181397  0.683877
5686 0.570203 0.0225079  0.407289
1723 0.21495 0.48433  0.30072
3530 0.166857 0.533454  0.299689
304 0.385055 0.177481  0.437465
1736 0.422365 0.381303  0.196332
3265 0.286302 0.537882  0.175816
4215 0.209475 0.401021  0.389504
2305 0.178831 0.31519  0.505978
3816 0.381319 0.519061  0.0996199
5391 0.173292 0.743531  0.0831766
2421 0.122843 0.484367  0.39279
2198 0.361114 0.570493  0.0683926
3422 0.375929 0.442087  0.181984
3731 0.445219 0.158343  0.396438
5586 0.388263 0.416139  0.195598
2899 0.759209 0.0415638  0.199227
5240 0.00752261 0.464368  0.52811
7642 0.42578 0.165942  0.408277
5005 0.0689889 0.382388  0.548623
7573 0.209442 0.272012  0.518545
1327 0.652234 0.163066  0.184701
16 0.437538 0.0976295  0.464832
2334 0.299361 0.50014  0.2005
4703 0.0716937 0.653823  0.274484
29 0.340514 0.316538  0.342948
6809 0.309757 0.135257  0.554986
2339 0.281085 0.409988  0.308927
4014 0.422092 0.443665  0.134244
1923 0.169846 0.383898  0.446256
3708 0.178511 0.450997  0.370492
3627 0.571836 0.0336372  0.394527
3059 0.449993 0.183471  0.366536
2112 0.174627 0.425061  0.400312
2969 0.393374 0.310475  0.296151
4816 0.289613 0.381589  0.328798
1221 0.0142838 0.510136  0.475581
5428 0.64578 0.185984  0.168236
7517 0.209344 0.324747  0.465909
487 0.0814292 0.452629  0.465942
7168 0.0509012 0.554089  0.395009
525 0.20749 0.712297  0.0802134
1871 0.267872 0.348391  0.383737
3609 0.437108 0.140037  0.422855
5188 0.182597 0.571007  0.246397
6461 0.147592 0.552832  0.299576
736 0.513745 0.372336  0.113918
4119 0.361644 0.338094  0.300262
492 0.114717 0.543172  0.342111
2684 0.206353 0.176504  0.617143
6207 0.400093 0.273881  0.326026
2958 0.296133 0.588787  0.11508
4106 0.304006 0.15419  0.541804
5701 0.34335 0.278425  0.378224
5781 0.102413 0.34165  0.555937
4729 0.156394 0.784498  0.0591075
5895 0.339032 0.439679  0.221289
38 0.235897 0.326982  0.437121
4844 0.355958 0.240699  0.403343
5457 0.487381 0.228189  0.28443
6316 0.420421 0.340282  0.239297
5849 0.221175 0.437364  0.341461
5951 0.0979004 0.164706  0.737393
7025 0.329889 0.182597  0.487514
5946 0.176169 0.517577  0.306254
2859 0.406518 0.209889  0.383593
2210 0.150584 0.233243  0.616173
7295 0.051118 0.667489  0.281394
4834 0.105866 0.440957  0.453177
3256 0.401453 0.286887  0.31166
519 0.118366 0.464377  0.417257
1235 0.0406425 0.411444  0.547913
5948 0.232839 0.365691  0.40147
5214 0.334488 0.307721  0.357792
7563 0.66758 0.296678  0.035742
7228 0.355816 0.51578  0.128404
2156 0.500539 0.186174  0.313286
2149 0.467755 0.187025  0.34522
5875 0.462475 0.280523  0.257002
3840 0.543709 0.249611  0.20668
6169 0.549136 0.351484  0.0993797
3427 0.155846 0.559936  0.284219
2986 0.335417 0.532913  0.13167
3069 0.394729 0.422116  0.183155
7281 0.17308 0.065164  0.761756
1522 0.58412 0.387058  0.0288223
7167 0.449708 0.188997  0.361295
2723 0.454052 0.363102  0.182846
1777 0.534054 0.265118  0.200827
5697 0.320227 0.13625  0.543523
2186 0.428988 0.420182  0.15083
1832 0.496529 0.352261  0.151211
1157 0.452394 0.0706744  0.476932
4580 0.572238 0.409555  0.0182072
1425 0.335917 0.447007  0.217076
2532 0.325755 0.295315  0.37893
6736 0.0953471 0.456813  0.44784
4354 0.227668 0.151557  0.620775
2831 0.21851 0.377584  0.403907
1454 0.274182 0.563245  0.162573
4863 0.662133 0.311811  0.026056
1058 0.317273 0.359754  0.322973
6895 0.184211 0.233665  0.582124
5477 0.36449 0.287929  0.347581
5996 0.394135 0.386721  0.219144
7196 0.0842134 0.412558  0.503228
6973 0.41747 0.309593  0.272937
2208 0.276408 0.51314  0.210452
986 0.162473 0.579937  0.25759
2351 0.151741 0.440972  0.407287
2792 0.732272 0.0223633  0.245364
338 0.39668 0.319618  0.283702
503 0.0721343 0.484169  0.443697
1122 0.411048 0.25084  0.338112
4379 0.111937 0.281873  0.606191
4913 0.201841 0.244261  0.553898
3469 0.240061 0.285607  0.474331
3921 0.366372 0.351345  0.282282
3699 0.412239 0.326693  0.261067
1469 0.279252 0.60709  0.113658
3373 0.345051 0.508656  0.146293
5781 0.223261 0.310139  0.466599
666 0.0148479 0.453185  0.531967
238 0.316571 0.407931  0.275498
4316 0.51932 0.215429  0.265251
514 0.0487823 0.435703  0.515515
3357 0.765627 0.0301946  0.204179
4644 0.22098 0.389869  0.389151
6692 0.29392 0.0247534  0.681326
5680 0.304467 0.281767  0.413766
601 0.0862173 0.617258  0.296525
5987 0.107438 0.283851  0.60871
7092 0.264869 0.458117  0.277013
4718 0.28767 0.244168  0.468162
6837 0.487034 0.307566  0.2054
266 0.340533 0.325239  0.334227
6307 0.487446 0.296688  0.215866
2623 0.48367 0.192548  0.323782
5468 0.0421637 0.720656  0.23718
4262 0.156179 0.0739116  0.769909
5878 0.496361 0.0871842  0.416454
4260 0.402584 0.40367  0.193746
1336 0.117944 0.570397  0.31166
2491 0.0538326 0.40702  0.539147
4986 0.343026 0.326966  0.330008
811 0.329619 0.18669  0.483691
4528 0.162999 0.433245  0.403756
2628 0.117098 0.730061  0.152841
5890 0.254087 0.428999  0.316915
6336 0.445544 0.427322  0.127134
7554 0.0799935 0.0562245  0.863782
6695 0.57076 0.132937  0.296303
4957 0.0628162 0.804516  0.132668
4676 0.392986 0.226779  0.380235
2777 0.386384 0.471979  0.141637
2539 0.535024 0.0570547  0.407921
4209 0.509387 0.371572  0.11904
5285 0.464127 0.173548  0.362325
518 0.508902 0.136702  0.354396
256 0.320997 0.332884  0.346118
1388 0.150861 0.292112  0.557027
3130 0.164185 0.0682632  0.767551
4757 0.493632 0.167825  0.338543
661 0.316445 0.289301  0.394254
4597 0.330672 0.0212767  0.648051
7197 0.0724367 0.11829  0.809273
3519 0.190765 0.495734  0.313501
940 0.196198 0.694008  0.109794
3651 0.393267 0.379859  0.226874
4778 0.401049 0.312436  0.286515
4264 0.28598 0.382194  0.331826
4154 0.320307 0.345647  0.334046
428 0.280003 0.42027  0.299726
284 0.424469 0.0154593  0.560072
5101 0.317717 0.460842  0.221441
4360 0.0731464 0.356189  0.570664
4157 0.366494 0.325615  0.307891
5910 0.487919 0.0798628  0.432219
6485 0.236841 0.440203  0.322956
2407 0.404946 0.273427  0.321628
6474 0.520784 0.227248  0.251968
5463 0.234502 0.12604  0.639458
2868 0.412112 0.37284  0.215048
3959 0.115592 0.422798  0.46161
5387 0.451101 0.462097  0.0868019
1853 0.177284 0.518005  0.304712
2315 0.41886 0.0183675  0.562772
6195 0.712656 0.175221  0.112123
5966 0.0499738 0.589913  0.360114
3936 0.379751 0.226601  0.393648
1395 0.577655 0.402475  0.0198696
4248 0.475193 0.472553  0.0522542
1995 0.164842 0.467801  0.367357
97 0.470624 0.233234  0.296142
5997 0.411797 0.192856  0.395347
5199 0.452316 0.146245  0.40144
7075 0.440994 0.322336  0.236669
5656 0.415092 0.196671  0.388236
6127 0.297015 0.123827  0.579158
157 0.216327 0.295976  0.487697
6149 0.048682 0.466832  0.484486
7621 0.248731 0.659709  0.0915606
6510 0.278194 0.296346  0.42546
587 0.438434 0.363562  0.198005
7052 0.204254 0.395018  0.400728
2875 0.805866 0.0633651  0.130769
2262 0.440659 0.233439  0.325902
2384 0.59109 0.29343  0.11548
4856 0.258816 0.358669  0.382515
4873 0.148615 0.491231  0.360154
5209 0.32268 0.340635  0.336685
1664 0.223233 0.0370578  0.739709
5132 0.45616 0.488255  0.055585
3526 0.287757 0.567517  0.144726
6163 0.453061 0.242299  0.304639
6675 0.23439 0.261943  0.503667
6313 0.47529 0.487282  0.0374282
1529 0.394298 0.386794  0.218908
5616 0.315449 0.429282  0.25527
6018 0.599169 0.160875  0.239956
6841 0.498866 0.2944  0.206734
2769 0.405179 0.30388  0.290941
2063 0.388764 0.193765  0.417472
898 0.282886 0.348834  0.36828
3013 0.12094 0.513631  0.365429
1233 0.180185 0.509697  0.310118
5141 0.107405 0.431583  0.461012
4838 0.0902972 0.38592  0.523783
387 0.348813 0.329293  0.321894
4050 0.317715 0.0212824  0.661002
5125 0.0895994 0.376487  0.533914
124 0.233091 0.480563  0.286346
1014 0.12364 0.275051  0.601309
3072 0.393795 0.150889  0.455316
303 0.547003 0.274205  0.178792
2284 0.199601 0.473084  0.327315
1265 0.808838 0.13611  0.0550517
1279 0.491567 0.204204  0.304229
2059 0.302903 0.266229  0.430868
5217 0.665679 0.288564  0.0457569
4119 0.0285971 0.435516  0.535886
4133 0.225604 0.283849  0.490547
1314 0.921282 0.0444346  0.0342829
6519 0.0115323 0.426114  0.562354
317 0.386726 0.452273  0.161
2727 0.398489 0.363001  0.23851
2647 0.264939 0.482666  0.252395
4668 0.393173 0.0591597  0.547667
3019 0.344047 0.48566  0.170293
7297 0.329627 0.553041  0.117333
7016 0.426973 0.343561  0.229465
4180 0.457923 0.303853  0.238224
2239 0.0636586 0.622681  0.31366
986 0.0370593 0.286981  0.675959
7376 0.212454 0.390373  0.397172
6699 0.247818 0.439895  0.312287
3585 0.409637 0.416247  0.174116
7584 0.389013 0.520895  0.0900918
3999 0.294431 0.320968  0.384601
6103 0.165714 0.324194  0.510092
6487 0.221456 0.335385  0.443159
7301 0.498986 0.1875  0.313514
1304 0.263086 0.440427  0.296487
7501 0.310937 0.289413  0.39965
6419 0.510776 0.265479  0.223745
6854 0.152428 0.395218  0.452354
2860 0.38658 0.363158  0.250262
7385 0.340639 0.505235  0.154127
1819 0.251045 0.34951  0.399445
1399 0.197162 0.287135  0.515703
2530 0.393777 0.267538  0.338685
5371 0.335868 0.508663  0.155469
2720 0.0612105 0.573649  0.365141
7174 0.191828 0.362437  0.445734
6940 0.55176 0.379648  0.0685922
3358 0.425992 0.139781  0.434227
2528 0.786858 0.163925  0.0492177
7462 0.567748 0.225749  0.206502
6257 0.241297 0.542906  0.215797
4669 0.541044 0.358217  0.100739
5598 0.403202 0.470048  0.12675
1098 0.140559 0.740044  0.119397
2321 0.413884 0.208436  0.37768
4710 0.627833 0.111675  0.260492
7028 0.143476 0.370094  0.48643
429 0.818638 0.0635433  0.117818
6152 0.169191 0.532184  0.298624
4004 0.496323 0.167182  0.336495
5763 0.327477 0.479958  0.192565
2606 0.512033 0.173959  0.314008
3610 0.0532377 0.335537  0.611226
617 0.306615 0.314991  0.378394
5123 0.296722 0.411472  0.291806
478 0.196925 0.499207  0.303868
4011 0.415042 0.288985  0.295974
4674 0.0745057 0.496307  0.429187
1006 0.782672 0.0974729  0.119856
6243 0.634357 0.272091  0.0935525
5563 0.306681 0.183195  0.510124
5185 0.348701 0.108314  0.542985
111 0.0402346 0.494539  0.465226
5352 0.135516 0.432068  0.432416
